-4283.874,1,46734
-4269.794,1,46779
-4255.733,1,46737
-4241.688,1,46738
-4227.660,1,46779
-4213.650,1,46764
-4199.657,1,46761
-4185.681,1,46789
-4171.722,1,46725
-4157.780,1,46777
-4143.856,1,46823
-4129.948,1,46794
-4116.057,1,46814
-4102.183,1,46778
-4088.326,1,46770
-4074.486,1,46762
-4060.663,1,46769
-4046.856,1,46772
-4033.067,1,46809
-4019.294,1,46788
-4005.538,1,46773
-3991.798,1,46760
-3978.075,1,46767
-3964.369,1,46747
-3950.680,1,46784
-3937.007,1,46821
-3923.350,1,46732
-3909.710,1,46779
-3896.087,1,46758
-3882.480,1,46772
-3868.889,1,46769
-3855.315,1,46754
-3841.757,1,46766
-3828.216,1,46760
-3814.691,1,46772
-3801.182,1,46777
-3787.689,1,46738
-3774.213,1,46739
-3760.752,1,46755
-3747.308,1,46799
-3733.880,1,46773
-3720.469,1,46846
-3707.073,1,46794
-3693.693,1,46775
-3680.329,1,46764
-3666.982,1,46764
-3653.650,1,46806
-3640.334,1,46779
-3627.034,1,46811
-3613.750,1,46755
-3600.482,1,46811
-3587.229,1,46760
-3573.993,1,46796
-3560.772,1,46824
-3547.567,1,46769
-3534.377,1,46738
-3521.203,1,46791
-3508.045,1,46788
-3494.903,1,46770
-3481.776,1,46810
-3468.664,1,46803
-3455.569,1,46799
-3442.488,1,46810
-3429.423,1,46769
-3416.374,1,46753
-3403.340,1,46765
-3390.322,1,46775
-3377.318,1,46775
-3364.330,1,46815
-3351.358,1,46755
-3338.401,1,46776
-3325.459,1,46818
-3312.532,1,46828
-3299.620,1,46802
-3286.724,1,46710
-3273.843,1,46756
-3260.977,1,46775
-3248.126,1,46824
-3235.290,1,46748
-3222.469,1,46780
-3209.663,1,46788
-3196.872,1,46813
-3184.097,1,46798
-3171.336,1,46787
-3158.590,1,46756
-3145.858,1,46768
-3133.142,1,46821
-3120.441,1,46804
-3107.754,1,46719
-3095.082,1,46762
-3082.425,1,46747
-3069.783,1,46765
-3057.155,1,46831
-3044.542,1,46801
-3031.944,1,46821
-3019.361,1,46781
-3006.792,1,46780
-2994.237,1,46745
-2981.697,1,46801
-2969.172,1,46776
-2956.661,1,46819
-2944.165,1,46801
-2931.683,1,46799
-2919.215,1,46794
-2906.762,1,46760
-2894.323,1,46753
-2881.899,1,46731
-2869.489,1,46818
-2857.093,1,46818
-2844.712,1,46816
-2832.345,1,46767
-2819.992,1,46815
-2807.653,1,46777
-2795.328,1,46816
-2783.018,1,46815
-2770.722,1,46808
-2758.440,1,46776
-2746.171,1,46779
-2733.917,1,46805
-2721.678,1,46756
-2709.452,1,46777
-2697.240,1,46781
-2685.042,1,46825
-2672.858,1,46797
-2660.687,1,46804
-2648.531,1,46779
-2636.389,1,46804
-2624.260,1,46802
-2612.145,1,46801
-2600.045,1,46783
-2587.957,1,46806
-2575.884,1,46793
-2563.824,1,46790
-2551.778,1,46812
-2539.746,1,46829
-2527.727,1,46777
-2515.722,1,46813
-2503.731,1,46711
-2491.753,1,46831
-2479.789,1,46791
-2467.838,1,46805
-2455.901,1,46789
-2443.978,1,46827
-2432.067,1,46877
-2420.171,1,46832
-2408.287,1,46802
-2396.417,1,46746
-2384.561,1,46783
-2372.718,1,46775
-2360.888,1,46768
-2349.071,1,46830
-2337.268,1,46820
-2325.478,1,46855
-2313.701,1,46804
-2301.938,1,46761
-2290.188,1,46800
-2278.451,1,46826
-2266.727,1,46839
-2255.016,1,46782
-2243.318,1,46865
-2231.633,1,46752
-2219.962,1,46797
-2208.303,1,46787
-2196.658,1,46825
-2185.026,1,46771
-2173.406,1,46846
-2161.800,1,46843
-2150.206,1,46808
-2138.625,1,46765
-2127.058,1,46832
-2115.503,1,46840
-2103.961,1,46851
-2092.432,1,46811
-2080.915,1,46822
-2069.412,1,46890
-2057.921,1,46848
-2046.443,1,46773
-2034.977,1,46839
-2023.525,1,46894
-2012.085,1,46798
-2000.657,1,46791
-1989.243,1,46853
-1977.841,1,46846
-1966.451,1,46868
-1955.074,1,46856
-1943.710,1,46837
-1932.358,1,46824
-1921.019,1,46807
-1909.692,1,46846
-1898.378,1,46812
-1887.076,1,46835
-1875.787,1,46853
-1864.510,1,46814
-1853.245,1,46855
-1841.993,1,46806
-1830.753,1,46876
-1819.525,1,46843
-1808.310,1,46809
-1797.107,1,46804
-1785.917,1,46862
-1774.738,1,46787
-1763.572,1,46889
-1752.418,1,46824
-1741.276,1,46826
-1730.147,1,46861
-1719.029,1,46804
-1707.924,1,46833
-1696.831,1,46848
-1685.750,1,46832
-1674.680,1,46828
-1663.623,1,46820
-1652.578,1,46834
-1641.545,1,46835
-1630.525,1,46823
-1619.516,1,46856
-1608.518,1,46858
-1597.533,1,46845
-1586.560,1,46866
-1575.599,1,46891
-1564.649,1,46833
-1553.712,1,46809
-1542.786,1,46784
-1531.872,1,46839
-1520.970,1,46820
-1510.080,1,46859
-1499.201,1,46849
-1488.334,1,46851
-1477.479,1,46852
-1466.636,1,46826
-1455.804,1,46828
-1444.984,1,46836
-1434.176,1,46814
-1423.379,1,46873
-1412.594,1,46884
-1401.820,1,46856
-1391.058,1,46835
-1380.308,1,46875
-1369.569,1,46844
-1358.841,1,46876
-1348.125,1,46870
-1337.421,1,46853
-1326.728,1,46845
-1316.047,1,46857
-1305.376,1,46796
-1294.718,1,46821
-1284.070,1,46837
-1273.435,1,46861
-1262.810,1,46842
-1252.197,1,46904
-1241.595,1,46873
-1231.004,1,46829
-1220.425,1,46878
-1209.857,1,46928
-1199.300,1,46883
-1188.754,1,46855
-1178.220,1,46894
-1167.697,1,46870
-1157.184,1,46844
-1146.684,1,46873
-1136.194,1,46836
-1125.715,1,46826
-1115.248,1,46903
-1104.791,1,46901
-1094.346,1,46846
-1083.911,1,46861
-1073.488,1,46856
-1063.076,1,46904
-1052.674,1,46861
-1042.284,1,46816
-1031.905,1,46892
-1021.536,1,46798
-1011.179,1,46888
-1000.832,1,46832
-990.496,1,46868
-980.172,1,46926
-969.858,1,46863
-959.554,1,46861
-949.262,1,46894
-938.981,1,46907
-928.710,1,46882
-918.450,1,46866
-908.201,1,46871
-897.962,1,46927
-887.735,1,46846
-877.518,1,46873
-867.311,1,46840
-857.116,1,46841
-846.931,1,46918
-836.756,1,46869
-826.592,1,46917
-816.439,1,46865
-806.297,1,46859
-796.165,1,46845
-786.043,1,46813
-775.932,1,46890
-765.832,1,46894
-755.742,1,46891
-745.663,1,46875
-735.594,1,46926
-725.535,1,46827
-715.487,1,46886
-705.450,1,46928
-695.422,1,46907
-685.406,1,46876
-675.399,1,46877
-665.403,1,46942
-655.417,1,46910
-645.442,1,46907
-635.477,1,46893
-625.522,1,46851
-615.578,1,46935
-605.643,1,46894
-595.719,1,46879
-585.806,1,46913
-575.902,1,46931
-566.009,1,46922
-556.126,1,46902
-546.253,1,46869
-536.390,1,46888
-526.537,1,46928
-516.694,1,46894
-506.862,1,46890
-497.040,1,46922
-487.227,1,46883
-477.425,1,46939
-467.633,1,46950
-457.851,1,46883
-448.078,1,46891
-438.316,1,46879
-428.564,1,46913
-418.822,1,46953
-409.089,1,46878
-399.367,1,46993
-389.655,1,46921
-379.952,1,46899
-370.260,1,46942
-360.577,1,46851
-350.904,1,46904
-341.241,1,46886
-331.588,1,46907
-321.944,1,46954
-312.311,1,46905
-302.687,1,46974
-293.073,1,46897
-283.468,1,46961
-273.874,1,46888
-264.289,1,46938
-254.714,1,46902
-245.149,1,46977
-235.593,1,46946
-226.047,1,46952
-216.510,1,46901
-206.984,1,46952
-197.466,1,46927
-187.959,1,46952
-178.461,1,46976
-168.973,1,46906
-159.494,1,46967
-150.025,1,46978
-140.565,1,46953
-131.115,1,46967
-121.674,1,46939
-112.243,1,46955
-102.821,1,46891
-93.409,1,46996
-84.006,1,46951
-74.613,1,46982
-65.229,1,47005
-55.854,1,46916
-46.489,1,46978
-37.133,1,46996
-27.787,1,46949
-18.450,1,46969
-9.122,1,46930
0.196,1,46970
9.505,1,46955
18.805,1,46944
28.096,1,46948
37.377,1,46977
46.649,1,47005
55.912,1,47027
65.165,1,46943
74.409,1,46974
83.644,1,47041
92.870,1,47006
102.087,1,46991
111.295,1,46951
120.493,1,47031
129.682,1,46965
138.863,1,46970
148.034,1,46946
157.196,1,47027
166.349,1,47047
175.493,1,47058
184.627,1,47044
193.753,1,46984
202.870,1,46986
211.978,1,47018
221.076,1,47000
230.166,1,47045
239.247,1,47079
248.319,1,47005
257.382,1,47026
266.436,1,47033
275.481,1,47003
284.517,1,47073
293.544,1,47015
302.562,1,47025
311.572,1,46994
320.573,1,47054
329.565,1,47082
338.548,1,47043
347.522,1,47051
356.487,1,47070
365.444,1,47077
374.392,1,47019
383.331,1,47017
392.261,1,47063
401.183,1,47033
410.095,1,47015
419.000,1,47066
427.895,1,47056
436.782,1,47118
445.660,1,47046
454.529,1,47073
463.390,1,47058
472.243,1,47039
481.086,1,46996
489.921,1,47101
498.747,1,47045
507.565,1,47091
516.374,1,47096
525.175,1,47019
533.967,1,47106
542.751,1,47069
551.526,1,47032
560.292,1,47099
569.050,1,47089
577.800,1,47068
586.541,1,47038
595.274,1,47042
603.998,1,47020
612.714,1,47116
621.421,1,47035
630.120,1,47086
638.811,1,47096
647.493,1,47116
656.166,1,47042
664.832,1,47092
673.489,1,47067
682.138,1,47104
690.778,1,47053
699.410,1,47099
708.034,1,47111
716.649,1,47124
725.257,1,47136
733.856,1,47077
742.446,1,47081
751.029,1,47161
759.603,1,47087
768.169,1,47114
776.727,1,47183
785.277,1,47199
793.818,1,47275
802.351,1,47247
810.876,1,47288
819.393,1,47334
827.902,1,47343
836.403,1,47317
844.896,1,47506
853.380,1,47552
861.857,1,47612
870.325,1,47728
878.785,1,47814
887.237,1,47941
895.682,1,48045
904.118,1,48179
912.546,1,48196
920.966,1,48384
929.378,1,48461
937.782,1,48563
946.178,1,48606
954.567,1,48748
962.947,1,48877
971.319,1,48926
979.683,1,48998
988.040,1,49146
996.388,1,49188
1004.729,1,49288
1013.062,1,49390
1021.387,1,49471
1029.704,1,49585
1038.013,1,49790
1046.314,1,49762
1054.608,1,50006
1062.894,1,50019
1071.172,1,50179
1079.442,1,50420
1087.704,1,50475
1095.959,1,50603
1104.205,1,50784
1112.444,1,50941
1120.676,1,51035
1128.899,1,51058
1137.115,1,51264
1145.323,1,51508
1153.524,1,51484
1161.716,1,51549
1169.901,1,51663
1178.079,1,51645
1186.249,1,51810
1194.411,1,51730
1202.565,1,51791
1210.712,1,51913
1218.851,1,51875
1226.983,1,51995
1235.107,1,52010
1243.224,1,52037
1251.333,1,51877
1259.434,1,51783
1267.528,1,51775
1275.614,1,51718
1283.693,1,51718
1291.764,1,51659
1299.828,1,51590
1307.884,1,51628
1315.933,1,51555
1323.974,1,51501
1332.008,1,51355
1340.034,1,51394
1348.053,1,51340
1356.065,1,51299
1364.069,1,51354
1372.065,1,51219
1380.055,1,51236
1388.037,1,51174
1396.011,1,51110
1403.978,1,51055
1411.938,1,51065
1419.890,1,51057
1427.835,1,50989
1435.773,1,51041
1443.703,1,50924
1451.627,1,50922
1459.542,1,50917
1467.451,1,50773
1475.352,1,50898
1483.246,1,50703
1491.133,1,50620
1499.012,1,50567
1506.885,1,50446
1514.750,1,50269
1522.607,1,50149
1530.458,1,50063
1538.301,1,49951
1546.137,1,49791
1553.966,1,49627
1561.788,1,49541
1569.603,1,49440
1577.410,1,49258
1585.211,1,49195
1593.004,1,49111
1600.790,1,48951
1608.569,1,48850
1616.341,1,48752
1624.106,1,48590
1631.864,1,48545
1639.614,1,48466
1647.358,1,48423
1655.094,1,48216
1662.824,1,48239
1670.546,1,48078
1678.262,1,48110
1685.970,1,48025
1693.672,1,47909
1701.366,1,47915
1709.054,1,47821
1716.734,1,47779
1724.408,1,47810
1732.074,1,47698
1739.734,1,47739
1747.386,1,47676
1755.032,1,47693
1762.671,1,47513
1770.303,1,47627
1777.928,1,47589
1785.546,1,47531
1793.157,1,47514
1800.762,1,47525
1808.359,1,47499
1815.950,1,47486
1823.534,1,47518
1831.111,1,47478
1838.681,1,47474
1846.244,1,47399
1853.800,1,47370
1861.350,1,47405
1868.893,1,47407
1876.429,1,47390
1883.959,1,47341
1891.481,1,47359
1898.997,1,47348
1906.506,1,47330
1914.009,1,47359
1921.504,1,47356
1928.993,1,47298
1936.475,1,47367
1943.951,1,47389
1951.420,1,47274
1958.882,1,47346
1966.337,1,47397
1973.786,1,47378
1981.228,1,47313
1988.664,1,47338
1996.093,1,47332
2003.515,1,47320
2010.931,1,47302
2018.340,1,47272
2025.742,1,47317
2033.138,1,47352
2040.527,1,47345
2047.910,1,47356
2055.286,1,47254
2062.656,1,47385
2070.019,1,47328
2077.375,1,47345
2084.725,1,47334
2092.068,1,47281
2099.405,1,47291
2106.736,1,47296
2114.060,1,47389
2121.377,1,47353
2128.688,1,47371
2135.992,1,47387
2143.290,1,47354
2150.582,1,47319
2157.867,1,47364
2165.146,1,47344
2172.418,1,47392
2179.684,1,47324
2186.943,1,47377
2194.196,1,47405
2201.443,1,47397
2208.683,1,47387
2215.917,1,47390
2223.144,1,47266
2230.365,1,47349
2237.580,1,47387
2244.789,1,47349
2251.991,1,47415
2259.187,1,47402
2266.376,1,47397
2273.559,1,47431
2280.736,1,47404
2287.907,1,47385
2295.071,1,47356
2302.229,1,47367
2309.381,1,47396
2316.526,1,47410
2323.665,1,47392
2330.798,1,47405
2337.925,1,47437
2345.045,1,47443
2352.160,1,47462
2359.268,1,47382
2366.370,1,47499
2373.465,1,47432
2380.555,1,47421
2387.638,1,47489
2394.715,1,47419
2401.786,1,47479
2408.851,1,47505
2415.910,1,47467
2422.962,1,47387
2430.009,1,47396
2437.049,1,47470
2444.083,1,47458
2451.111,1,47445
2458.133,1,47505
2465.149,1,47439
2472.159,1,47522
2479.162,1,47503
2486.160,1,47531
2493.152,1,47542
2500.137,1,47559
2507.117,1,47476
2514.090,1,47501
2521.058,1,47479
2528.019,1,47438
2534.974,1,47590
2541.924,1,47603
2548.867,1,47499
2555.805,1,47479
2562.736,1,47533
2569.662,1,47516
2576.581,1,47533
2583.495,1,47609
2590.402,1,47548
2597.304,1,47605
2604.200,1,47554
2611.089,1,47564
2617.973,1,47567
2624.851,1,47606
2631.723,1,47654
2638.589,1,47611
2645.450,1,47584
2652.304,1,47645
2659.152,1,47624
2665.995,1,47632
2672.832,1,47594
2679.663,1,47670
2686.488,1,47681
2693.307,1,47628
2700.121,1,47596
2706.928,1,47614
2713.730,1,47635
2720.526,1,47684
2727.316,1,47648
2734.100,1,47656
2740.879,1,47635
2747.652,1,47693
2754.419,1,47631
2761.180,1,47690
2767.936,1,47662
2774.686,1,47695
2781.430,1,47738
2788.168,1,47714
2794.901,1,47739
2801.627,1,47765
2808.349,1,47631
2815.064,1,47727
2821.774,1,47749
2828.478,1,47655
2835.176,1,47675
2841.869,1,47705
2848.556,1,47763
2855.237,1,47788
2861.913,1,47787
2868.583,1,47762
2875.248,1,47635
2881.907,1,47766
2888.560,1,47740
2895.207,1,47694
2901.849,1,47756
2908.486,1,47816
2915.116,1,47758
2921.742,1,47826
2928.361,1,47809
2934.975,1,47834
2941.584,1,47855
2948.187,1,47880
2954.784,1,47860
2961.376,1,47859
2967.962,1,47864
2974.543,1,47904
2981.118,1,47841
2987.688,1,47915
2994.252,1,47901
3000.811,1,47937
3007.364,1,47934
3013.911,1,47925
3020.454,1,47976
3026.990,1,47997
3033.522,1,48087
3040.047,1,47999
3046.568,1,48045
3053.082,1,48062
3059.592,1,48094
3066.096,1,48033
3072.594,1,48142
3079.088,1,48187
3085.575,1,48160
3092.058,1,48195
3098.535,1,48220
3105.006,1,48135
3111.472,1,48066
3117.933,1,47538
3124.388,1,48108
3130.838,1,48141
3137.283,1,48206
3143.722,1,48110
3150.156,1,48113
3156.585,1,48148
3163.008,1,48091
3169.426,1,48124
3175.839,1,48193
3182.246,1,48131
3188.648,1,48065
3195.045,1,48162
3201.436,1,48190
3207.822,1,48139
3214.203,1,48164
3220.578,1,48240
3226.949,1,48153
3233.314,1,48175
3239.673,1,48204
3246.028,1,48193
3252.377,1,48269
3258.721,1,48182
3265.060,1,48196
3271.394,1,48171
3277.722,1,48232
3284.045,1,48262
3290.363,1,48260
3296.676,1,48242
3302.983,1,48233
3309.286,1,48316
3315.583,1,48266
3321.875,1,48254
3328.162,1,48288
3334.443,1,48313
3340.720,1,48275
3346.991,1,48298
3353.258,1,48337
3359.519,1,48366
3365.775,1,48424
3372.026,1,48277
3378.271,1,48389
3384.512,1,48350
3390.747,1,48422
3396.978,1,48382
3403.203,1,48355
3409.423,1,48313
3415.639,1,48369
3421.849,1,48377
3428.054,1,48263
3434.254,1,48351
3440.449,1,48333
3446.639,1,48372
3452.823,1,48432
3459.003,1,48419
3465.178,1,48368
3471.348,1,48433
3477.512,1,48438
3483.672,1,48479
3489.827,1,48406
3495.977,1,48416
3502.121,1,48460
3508.261,1,48419
3514.396,1,48481
3520.526,1,48437
3526.651,1,48477
3532.770,1,48453
3538.885,1,48437
3544.995,1,48459
3551.100,1,48427
3557.200,1,48457
3563.295,1,48318
3569.386,1,48406
3575.471,1,48533
3581.551,1,48512
3587.627,1,48485
3593.697,1,48465
3599.763,1,48371
3605.824,1,48363
3611.880,1,48395
3617.931,1,48458
3623.977,1,48384
3630.018,1,48405
3636.055,1,48409
3642.086,1,48381
3648.113,1,48418
3654.135,1,48402
3660.152,1,48432
3666.164,1,48466
3672.172,1,48513
3678.174,1,48470
3684.172,1,48450
3690.165,1,48402
3696.153,1,48371
3702.136,1,48368
3708.115,1,48410
3714.089,1,48432
3720.058,1,48531
3726.022,1,48500
3731.981,1,48462
3737.936,1,48372
3743.886,1,48431
3749.831,1,48461
3755.772,1,48403
3761.707,1,48468
3767.638,1,48438
3773.564,1,48524
3779.486,1,48427
3785.403,1,48450
3791.315,1,48357
3797.222,1,48352
3803.125,1,48392
3809.023,1,48448
3814.916,1,48373
3820.805,1,48371
3826.689,1,48283
3832.568,1,48417
3838.443,1,48339
3844.312,1,48331
3850.178,1,48438
3856.038,1,48367
3861.894,1,48401
3867.746,1,48431
3873.592,1,48340
3879.434,1,48363
3885.272,1,48316
3891.105,1,48455
3896.933,1,48289
3902.757,1,48365
3908.576,1,48394
3914.390,1,48352
3920.200,1,48442
3926.005,1,48390
3931.806,1,48371
3937.602,1,48465
3943.394,1,48419
3949.181,1,48421
3954.963,1,48517
3960.741,1,48412
3966.514,1,48434
3972.283,1,48467
3978.047,1,48436
3983.807,1,48430
3989.562,1,48404
3995.313,1,48499
4001.059,1,48350
4006.801,1,48455
4012.538,1,48441
4018.270,1,48347
4023.998,1,48414
4029.722,1,48449
4035.441,1,48374
4041.156,1,48317
4046.866,1,48299
4052.572,1,48362
4058.273,1,48366
4063.970,1,48408
4069.663,1,48446
4075.351,1,48545
4081.034,1,48553
4086.713,1,48613
4092.388,1,48698
4098.058,1,48734
4103.724,1,48836
4109.385,1,48940
4115.042,1,48988
4120.695,1,49201
4126.343,1,49245
4131.987,1,49367
4137.626,1,49526
4143.261,1,49693
4148.892,1,49815
4154.518,1,50021
4160.140,1,50074
4165.757,1,50251
4171.371,1,50420
4176.979,1,50631
4182.584,1,50807
4188.184,1,50938
4193.780,1,50618
4199.371,1,49970
4204.958,1,49617
4210.541,1,49858
4216.120,1,50300
4221.694,1,51265
4227.264,1,54587
4232.829,1,111339
4238.390,1,584845
4243.947,1,1437591
4249.500,1,1845775
4255.048,1,1103002
4260.593,1,282816
4266.132,1,66666
4271.668,1,56570
4277.199,1,53688
4282.726,1,52008
4288.249,1,50839
4293.768,1,50142
4299.282,1,49504
4304.792,1,49095
4310.298,1,48747
4315.799,1,48563
4321.297,1,48281
4326.790,1,48097
4332.279,1,47899
4337.764,1,47834
4343.244,1,47767
4348.720,1,47698
4354.193,1,47537
4359.661,1,47478
4365.124,1,47395
4370.584,1,47377
4376.039,1,47351
4381.491,1,47320
4386.938,1,47258
4392.380,1,47215
4397.819,1,47203
4403.254,1,47181
4408.684,1,47127
4414.111,1,47053
4419.533,1,47147
4424.951,1,47114
4430.365,1,47107
4435.774,1,47131
4441.180,1,47101
4446.582,1,47083
4451.979,1,47065
4457.372,1,47061
4462.762,1,47038
4468.147,1,46990
4473.528,1,47079
4478.905,1,46993
4484.278,1,47003
4489.646,1,46990
4495.011,1,47029
4500.372,1,47019
4505.728,1,46997
4511.081,1,47013
4516.429,1,46976
4521.774,1,46978
4527.114,1,46938
4532.451,1,46926
4537.783,1,46988
4543.111,1,46931
4548.435,1,46971
4553.756,1,46929
4559.072,1,46989
4564.384,1,46909
4569.692,1,46954
4574.997,1,46935
4580.297,1,46933
4585.593,1,46919
4590.885,1,46976
4596.173,1,46961
4601.458,1,46947
4606.738,1,46904
4612.014,1,46907
4617.287,1,46923
4622.555,1,46877
4627.819,1,46902
4633.080,1,46932
4638.336,1,46942
4643.589,1,46898
4648.837,1,46862
4654.082,1,46949
4659.323,1,46903
4664.560,1,46965
4669.793,1,46871
4675.022,1,46939
4680.247,1,46910
4685.468,1,46940
4690.685,1,46940
4695.898,1,46932
4701.108,1,46956
4706.313,1,46925
4711.515,1,46897
4716.713,1,46787
4721.907,1,46872
4727.097,1,46967
4732.283,1,46904
4737.465,1,46929
4742.644,1,46860
4747.818,1,46866
4752.989,1,46966
4758.156,1,46907
4763.319,1,46888
4768.478,1,46905
4773.633,1,46853
4778.785,1,46911
4783.933,1,46970
4789.077,1,46900
4794.217,1,46894
4799.353,1,46855
4804.485,1,46901
4809.614,1,46941
4814.739,1,46898
4819.860,1,46908
4824.977,1,46920
4830.090,1,46908
4835.200,1,46881
4840.306,1,46848
4845.408,1,46907
4850.506,1,46858
4855.601,1,46913
4860.692,1,46868
4865.779,1,46858
4870.862,1,46883
4875.941,1,46846
4881.017,1,46905
4886.089,1,46866
4891.158,1,46897
4896.222,1,46893
4901.283,1,46914
4906.340,1,46854
4911.393,1,46858
4916.443,1,46860
4921.489,1,46896
4926.531,1,46886
4931.570,1,46872
4936.605,1,46873
4941.636,1,46874
4946.663,1,46892
4951.687,1,46872
4956.707,1,46870
4961.723,1,46860
4966.736,1,46897
4971.745,1,46871
4976.750,1,46873
4981.752,1,46910
4986.750,1,46827
4991.744,1,46921
4996.735,1,46891
5001.722,1,46848
5006.706,1,46860
5011.685,1,46818
5016.661,1,46859
5021.634,1,46866
5026.603,1,46841
5031.568,1,46864
5036.530,1,46852
5041.488,1,46881
5046.442,1,46888
5051.393,1,46871
5056.340,1,46838
5061.284,1,46858
5066.224,1,46808
5071.160,1,46905
5076.093,1,46861
5081.022,1,46856
5085.948,1,46805
5090.870,1,46817
5095.788,1,46904
5100.703,1,46845
5105.614,1,46827
5110.522,1,46800
5115.426,1,46874
5120.327,1,46885
5125.224,1,46839
5130.118,1,46864
5135.008,1,46820
5139.894,1,46807
5144.777,1,46791
5149.656,1,46865
5154.532,1,46820
5159.405,1,46834
5164.273,1,46867
5169.139,1,46849
5174.000,1,46798
5178.859,1,46849
5183.713,1,46842
5188.565,1,46803
5193.413,1,46804
5198.257,1,46837
5203.098,1,46849
5207.935,1,46835
5212.769,1,46843
5217.599,1,46835
5222.426,1,46845
5227.249,1,46863
5232.069,1,46840
5236.886,1,46812
5241.699,1,46839
5246.508,1,46817
5251.314,1,46857
5256.117,1,46852
5260.916,1,46821
5265.712,1,46856
5270.504,1,46832
5275.293,1,46806
5280.079,1,46811
5284.861,1,46918
5289.639,1,46870
5294.414,1,46857
5299.186,1,46839
5303.955,1,46838
5308.720,1,46867
5313.481,1,46785
5318.239,1,46785
5322.994,1,46814
5327.745,1,46842
5332.493,1,46818
5337.238,1,46809
5341.979,1,46838
5346.717,1,46775
5351.451,1,46836
5356.182,1,46822
5360.910,1,46810
5365.634,1,46857
5370.355,1,46839
5375.073,1,46774
5379.787,1,46825
5384.498,1,46840
5389.206,1,46815
5393.910,1,46826
5398.611,1,46835
5403.308,1,46850
5408.002,1,46801
5412.693,1,46771
5417.381,1,46797
5422.065,1,46827
5426.746,1,46851
5431.423,1,46808
5436.098,1,46762
5440.769,1,46822
5445.436,1,46809
5450.101,1,46790
5454.762,1,46844
5459.420,1,46801
5464.074,1,46868
5468.725,1,46864
5473.373,1,46829
5478.018,1,46743
5482.659,1,46859
5487.297,1,46835
5491.932,1,46811
5496.563,1,46822
5501.192,1,46798
5505.817,1,46843
5510.439,1,46788
5515.057,1,46787
5519.672,1,46859
5524.284,1,46854
5528.893,1,46843
5533.499,1,46816
5538.101,1,46781
5542.700,1,46805
5547.296,1,46842
5551.888,1,46807
5556.478,1,46785
5561.064,1,46820
5565.647,1,46844
5570.227,1,46820
5574.803,1,46793
5579.376,1,46820
5583.947,1,46817
5588.513,1,46786
5593.077,1,46827
5597.638,1,46827
5602.195,1,46809
5606.749,1,46863
5611.300,1,46801
5615.848,1,46801
5620.393,1,46856
5624.934,1,46828
5629.472,1,46811
5634.008,1,46836
5638.539,1,46811
5643.068,1,46798
5647.594,1,46820
5652.116,1,46792
5656.636,1,46799
5661.152,1,46826
5665.665,1,46793
5670.175,1,46851
5674.682,1,46791
5679.185,1,46836
5683.686,1,46813
5688.183,1,46791
5692.678,1,46833
5697.169,1,46801
5701.657,1,46819
5706.142,1,46758
5710.623,1,46819
5715.102,1,46773
5719.578,1,46782
5724.050,1,46752
5728.520,1,46807
5732.986,1,46800
5737.449,1,46808
5741.909,1,46799
5746.366,1,46776
5750.820,1,46795
5755.271,1,46770
5759.719,1,46754
5764.164,1,46843
5768.606,1,46786
5773.044,1,46747
5777.480,1,46792
5781.912,1,46787
5786.342,1,46740
5790.768,1,46767
5795.191,1,46788
5799.612,1,46808
5804.029,1,46775
5808.443,1,46767
5812.854,1,46810
5817.263,1,46732
5821.668,1,46802
5826.070,1,46806
5830.469,1,46731
5834.865,1,46800
5839.258,1,46766
5843.648,1,46834
5848.035,1,46779
5852.419,1,46802
5856.800,1,46759
5861.178,1,46797
5865.553,1,46768
5869.925,1,46791
5874.294,1,46757
5878.660,1,46828
5883.023,1,46778
5887.383,1,46716
5891.740,1,46807
5896.094,1,46766
5900.445,1,46747
5904.793,1,46747
5909.138,1,46761
5913.481,1,46784
5917.820,1,46816
5922.156,1,46767
5926.490,1,46785
5930.820,1,46804
5935.147,1,46743
5939.472,1,46797
5943.793,1,46741
5948.112,1,46729
5952.428,1,46744
5956.740,1,46775
5961.050,1,46796
5965.357,1,46823
5969.661,1,46774
5973.962,1,46783
5978.260,1,46767
5982.555,1,46769
5986.847,1,46837
5991.137,1,46815
5995.423,1,46826
5999.707,1,46830
6003.987,1,46792
6008.265,1,46846
6012.540,1,46822
6016.812,1,46790
6021.081,1,46752
6025.347,1,46811
6029.610,1,46798
6033.871,1,46759
6038.128,1,46814
6042.383,1,46800
6046.634,1,46993
6050.883,1,47121
6055.129,1,47143
6059.373,1,48234
6063.613,1,52465
