-6004.844,1,50640
-5988.580,1,50582
-5972.338,1,50548
-5956.118,1,50577
-5939.919,1,50563
-5923.741,1,50538
-5907.584,1,50558
-5891.449,1,50571
-5875.335,1,50461
-5859.242,1,50583
-5843.170,1,50602
-5827.119,1,50606
-5811.090,1,50667
-5795.081,1,50734
-5779.093,1,50765
-5763.126,1,50759
-5747.180,1,50633
-5731.255,1,50636
-5715.351,1,50719
-5699.467,1,50574
-5683.604,1,50650
-5667.762,1,50733
-5651.940,1,50830
-5636.139,1,50730
-5620.359,1,50821
-5604.599,1,50773
-5588.859,1,50860
-5573.140,1,50878
-5557.441,1,50870
-5541.763,1,50798
-5526.105,1,50850
-5510.467,1,50788
-5494.849,1,50853
-5479.252,1,50818
-5463.674,1,50875
-5448.117,1,50853
-5432.580,1,50986
-5417.063,1,50900
-5401.566,1,50922
-5386.089,1,50948
-5370.632,1,50961
-5355.194,1,50961
-5339.777,1,51064
-5324.379,1,50978
-5309.001,1,50909
-5293.643,1,50902
-5278.305,1,51017
-5262.986,1,50949
-5247.687,1,51034
-5232.407,1,51067
-5217.147,1,51020
-5201.906,1,51195
-5186.685,1,51200
-5171.483,1,51221
-5156.301,1,51117
-5141.138,1,51128
-5125.994,1,51145
-5110.870,1,51066
-5095.764,1,51085
-5080.678,1,51110
-5065.612,1,51128
-5050.564,1,51163
-5035.535,1,51232
-5020.526,1,51281
-5005.535,1,51315
-4990.564,1,51285
-4975.611,1,51385
-4960.677,1,51336
-4945.763,1,51366
-4930.867,1,51341
-4915.989,1,51406
-4901.131,1,51275
-4886.291,1,51312
-4871.470,1,51256
-4856.668,1,51398
-4841.884,1,51309
-4827.119,1,51442
-4812.373,1,51498
-4797.645,1,51536
-4782.935,1,51516
-4768.244,1,51544
-4753.572,1,51643
-4738.917,1,51600
-4724.281,1,51697
-4709.664,1,51645
-4695.065,1,51492
-4680.483,1,51571
-4665.921,1,51482
-4651.376,1,51535
-4636.849,1,51574
-4622.341,1,51538
-4607.851,1,51561
-4593.378,1,51647
-4578.924,1,51577
-4564.488,1,51769
-4550.069,1,51782
-4535.669,1,51912
-4521.286,1,51798
-4506.921,1,51890
-4492.575,1,51805
-4478.245,1,51876
-4463.934,1,51864
-4449.640,1,51930
-4435.364,1,51782
-4421.106,1,51836
-4406.865,1,51949
-4392.642,1,51854
-4378.436,1,51915
-4364.248,1,51857
-4350.077,1,51927
-4335.924,1,52136
-4321.788,1,52066
-4307.670,1,52063
-4293.569,1,52114
-4279.485,1,52194
-4265.418,1,52175
-4251.369,1,52165
-4237.337,1,52145
-4223.323,1,52209
-4209.325,1,52201
-4195.344,1,52029
-4181.381,1,52006
-4167.435,1,52146
-4153.505,1,52141
-4139.593,1,52154
-4125.698,1,52295
-4111.819,1,52228
-4097.958,1,52309
-4084.113,1,52283
-4070.286,1,52503
-4056.475,1,52550
-4042.681,1,52521
-4028.903,1,52526
-4015.143,1,52414
-4001.399,1,52423
-3987.671,1,52308
-3973.961,1,52466
-3960.267,1,52323
-3946.589,1,52522
-3932.928,1,52439
-3919.284,1,52637
-3905.656,1,52637
-3892.045,1,52688
-3878.450,1,52633
-3864.871,1,52583
-3851.309,1,52624
-3837.763,1,52573
-3824.233,1,52629
-3810.720,1,52586
-3797.223,1,52640
-3783.742,1,52645
-3770.277,1,52805
-3756.829,1,52794
-3743.396,1,52900
-3729.980,1,52858
-3716.580,1,52844
-3703.196,1,52907
-3689.827,1,52756
-3676.475,1,52847
-3663.139,1,52841
-3649.819,1,52799
-3636.514,1,53041
-3623.226,1,53075
-3609.953,1,53096
-3596.696,1,53063
-3583.455,1,53234
-3570.230,1,53247
-3557.021,1,53081
-3543.827,1,53002
-3530.649,1,53048
-3517.486,1,53105
-3504.339,1,53134
-3491.208,1,53367
-3478.092,1,53240
-3464.992,1,53291
-3451.907,1,53453
-3438.838,1,53352
-3425.784,1,53318
-3412.746,1,53309
-3399.723,1,53248
-3386.716,1,53240
-3373.723,1,53336
-3360.746,1,53471
-3347.785,1,53416
-3334.839,1,53582
-3321.907,1,53618
-3308.992,1,53582
-3296.091,1,53707
-3283.205,1,53697
-3270.335,1,53628
-3257.480,1,53743
-3244.639,1,53743
-3231.814,1,53637
-3219.004,1,53698
-3206.209,1,53752
-3193.429,1,53795
-3180.663,1,53713
-3167.913,1,53739
-3155.178,1,53896
-3142.457,1,53953
-3129.751,1,53879
-3117.061,1,53884
-3104.384,1,54000
-3091.723,1,53969
-3079.076,1,53939
-3066.445,1,53934
-3053.827,1,54027
-3041.225,1,54036
-3028.637,1,54087
-3016.064,1,54178
-3003.505,1,54108
-2990.961,1,54084
-2978.431,1,54251
-2965.916,1,54258
-2953.415,1,54222
-2940.929,1,54216
-2928.457,1,54403
-2916.000,1,54285
-2903.557,1,54324
-2891.128,1,54506
-2878.714,1,54485
-2866.314,1,54455
-2853.928,1,54338
-2841.557,1,54436
-2829.200,1,54526
-2816.857,1,54497
-2804.528,1,54707
-2792.213,1,54709
-2779.913,1,54764
-2767.627,1,54626
-2755.354,1,54829
-2743.096,1,54763
-2730.852,1,54746
-2718.622,1,54824
-2706.405,1,54960
-2694.203,1,54950
-2682.015,1,55009
-2669.841,1,55130
-2657.680,1,55142
-2645.534,1,55171
-2633.401,1,55262
-2621.282,1,55361
-2609.177,1,55404
-2597.085,1,55385
-2585.008,1,55443
-2572.944,1,55479
-2560.894,1,55436
-2548.857,1,55488
-2536.835,1,55560
-2524.825,1,55690
-2512.830,1,55724
-2500.848,1,55788
-2488.879,1,55897
-2476.925,1,55917
-2464.983,1,56035
-2453.055,1,56100
-2441.141,1,56177
-2429.240,1,56361
-2417.353,1,56225
-2405.479,1,56237
-2393.618,1,56596
-2381.771,1,56402
-2369.937,1,56612
-2358.116,1,56566
-2346.309,1,56811
-2334.515,1,56827
-2322.734,1,56948
-2310.966,1,56833
-2299.212,1,57035
-2287.471,1,57098
-2275.742,1,57203
-2264.028,1,57273
-2252.326,1,57400
-2240.637,1,57558
-2228.961,1,57481
-2217.299,1,57504
-2205.649,1,57581
-2194.013,1,57701
-2182.389,1,57888
-2170.778,1,57839
-2159.181,1,57968
-2147.596,1,58015
-2136.024,1,58096
-2124.465,1,58279
-2112.919,1,58359
-2101.386,1,58343
-2089.865,1,58486
-2078.358,1,58618
-2066.863,1,58652
-2055.381,1,58798
-2043.911,1,58815
-2032.455,1,59021
-2021.011,1,59005
-2009.579,1,59261
-1998.160,1,59300
-1986.754,1,59425
-1975.361,1,59498
-1963.980,1,59474
-1952.612,1,59603
-1941.256,1,59821
-1929.912,1,59702
-1918.582,1,59855
-1907.263,1,60013
-1895.957,1,60187
-1884.664,1,60115
-1873.383,1,60216
-1862.114,1,60276
-1850.858,1,60217
-1839.614,1,60179
-1828.383,1,60373
-1817.163,1,60310
-1805.956,1,60361
-1794.762,1,60331
-1783.579,1,60579
-1772.409,1,60569
-1761.251,1,60591
-1750.105,1,60621
-1738.972,1,60738
-1727.850,1,60591
-1716.741,1,60353
-1705.644,1,60443
-1694.559,1,60520
-1683.486,1,60600
-1672.425,1,60445
-1661.376,1,60644
-1650.339,1,60757
-1639.314,1,60612
-1628.301,1,60985
-1617.300,1,61019
-1606.311,1,61029
-1595.334,1,61214
-1584.368,1,61168
-1573.415,1,61327
-1562.473,1,61390
-1551.544,1,61442
-1540.626,1,61623
-1529.720,1,62008
-1518.825,1,62314
-1507.943,1,62452
-1497.072,1,62943
-1486.213,1,63302
-1475.366,1,63683
-1464.530,1,64179
-1453.706,1,64506
-1442.894,1,64992
-1432.093,1,65672
-1421.304,1,66646
-1410.526,1,67452
-1399.761,1,68874
-1389.006,1,70220
-1378.263,1,72040
-1367.532,1,73924
-1356.812,1,76446
-1346.104,1,79132
-1335.407,1,82292
-1324.722,1,86127
-1314.048,1,90793
-1303.385,1,96381
-1292.734,1,102185
-1282.094,1,109864
-1271.465,1,117741
-1260.848,1,126150
-1250.243,1,135027
-1239.648,1,142663
-1229.065,1,150470
-1218.493,1,157741
-1207.932,1,163967
-1197.383,1,171332
-1186.844,1,178131
-1176.317,1,184286
-1165.801,1,191310
-1155.296,1,199070
-1144.803,1,206128
-1134.320,1,213566
-1123.849,1,220690
-1113.389,1,229289
-1102.939,1,236670
-1092.501,1,244797
-1082.074,1,253820
-1071.658,1,262653
-1061.253,1,272212
-1050.858,1,281892
-1040.475,1,291635
-1030.103,1,302951
-1019.742,1,313450
-1009.391,1,323878
-999.052,1,335399
-988.723,1,346152
-978.405,1,356691
-968.098,1,366278
-957.802,1,376118
-947.517,1,386278
-937.242,1,394792
-926.979,1,403825
-916.726,1,412893
-906.483,1,420775
-896.252,1,427645
-886.031,1,434476
-875.821,1,439656
-865.621,1,443270
-855.432,1,446830
-845.254,1,447829
-835.087,1,449400
-824.930,1,450864
-814.783,1,450336
-804.648,1,449721
-794.522,1,449616
-784.408,1,448341
-774.304,1,448026
-764.210,1,445087
-754.127,1,441898
-744.054,1,439398
-733.992,1,435798
-723.940,1,433121
-713.899,1,430169
-703.868,1,427056
-693.847,1,425553
-683.837,1,424597
-673.837,1,423839
-663.848,1,423415
-653.869,1,422160
-643.900,1,421989
-633.941,1,421366
-623.993,1,420551
-614.055,1,419404
-604.127,1,417692
-594.210,1,418122
-584.303,1,418001
-574.405,1,417209
-564.519,1,416045
-554.642,1,414928
-544.775,1,412614
-534.919,1,407327
-525.073,1,401396
-515.236,1,395894
-505.410,1,387553
-495.594,1,379271
-485.788,1,371287
-475.992,1,361209
-466.206,1,351442
-456.431,1,340087
-446.665,1,327976
-436.909,1,315877
-427.163,1,302519
-417.427,1,290302
-407.701,1,277787
-397.985,1,265687
-388.279,1,255124
-378.582,1,242751
-368.896,1,231553
-359.219,1,222144
-349.553,1,211359
-339.896,1,201543
-330.249,1,192418
-320.611,1,183894
-310.984,1,175114
-301.366,1,167218
-291.758,1,159745
-282.160,1,153411
-272.572,1,147272
-262.993,1,141677
-253.424,1,135790
-243.864,1,130981
-234.315,1,126726
-224.775,1,122535
-215.244,1,118670
-205.723,1,114971
-196.212,1,112400
-186.711,1,109595
-177.219,1,106975
-167.736,1,104726
-158.263,1,102871
-148.800,1,101866
-139.346,1,100186
-129.902,1,99068
-120.467,1,97553
-111.042,1,94904
-101.626,1,92387
-92.219,1,89316
-82.822,1,86563
-73.435,1,84065
-64.057,1,81758
-54.688,1,80393
-45.329,1,79198
-35.979,1,77831
-26.638,1,76694
-17.307,1,75880
-7.985,1,74925
1.328,1,74117
10.631,1,73310
19.925,1,72802
29.210,1,72163
38.486,1,71537
47.752,1,71082
57.009,1,70423
66.257,1,69936
75.496,1,69456
84.725,1,69194
93.945,1,68550
103.156,1,68576
112.358,1,68338
121.551,1,67921
130.735,1,67710
139.910,1,67518
149.075,1,67507
158.232,1,67143
167.379,1,67056
176.517,1,66937
185.647,1,66671
194.767,1,66685
203.878,1,66549
212.981,1,66490
222.074,1,66714
231.158,1,66581
240.234,1,66610
249.300,1,66438
258.358,1,66363
267.406,1,66381
276.446,1,66402
285.477,1,66377
294.498,1,66465
303.512,1,66501
312.516,1,66601
321.511,1,66644
330.498,1,66881
339.475,1,67082
348.444,1,67626
357.404,1,68377
366.356,1,68875
375.298,1,68893
384.232,1,68545
393.157,1,68538
402.073,1,68053
410.981,1,67850
419.880,1,67757
428.770,1,67495
437.652,1,67654
446.525,1,67720
455.389,1,67625
464.245,1,67951
473.092,1,67920
481.930,1,67849
490.760,1,67902
499.581,1,67976
508.394,1,67954
517.198,1,67845
525.994,1,68338
534.781,1,68206
543.559,1,68132
552.329,1,68507
561.091,1,68604
569.844,1,68520
578.588,1,68545
587.324,1,68482
596.052,1,68451
604.771,1,68621
613.482,1,68297
622.184,1,68508
630.878,1,68614
639.564,1,68332
648.241,1,68407
656.910,1,68279
665.570,1,68499
674.223,1,68666
682.866,1,68603
691.502,1,68969
700.129,1,68820
708.748,1,68811
717.359,1,68993
725.961,1,68937
734.555,1,69464
743.141,1,69459
751.719,1,69540
760.288,1,69669
768.849,1,69647
777.402,1,70018
785.947,1,70063
794.484,1,70379
803.012,1,70548
811.533,1,70781
820.045,1,71142
828.549,1,71242
837.045,1,71515
845.533,1,71626
854.013,1,72083
862.484,1,72106
870.948,1,72096
879.404,1,72386
887.851,1,72560
896.291,1,72664
904.722,1,72813
913.146,1,72764
921.561,1,72841
929.969,1,72816
938.368,1,72951
946.760,1,72792
955.143,1,72669
963.519,1,72911
971.887,1,72607
980.246,1,72319
988.598,1,72303
996.942,1,72271
1005.278,1,72179
1013.607,1,71710
1021.927,1,71667
1030.239,1,71690
1038.544,1,71201
1046.841,1,70945
1055.130,1,70845
1063.411,1,70901
1071.685,1,70656
1079.950,1,70410
1088.208,1,70204
1096.458,1,70376
1104.701,1,70019
1112.935,1,69880
1121.162,1,69600
1129.381,1,69510
1137.593,1,69661
1145.796,1,69590
1153.992,1,69447
1162.181,1,69547
1170.362,1,69264
1178.535,1,69422
1186.700,1,69549
1194.858,1,69474
1203.008,1,69594
1211.150,1,69293
1219.285,1,69374
1227.413,1,69304
1235.533,1,69765
1243.645,1,69579
1251.749,1,69653
1259.846,1,69825
1267.936,1,69921
1276.018,1,70134
1284.093,1,70377
1292.160,1,70436
1300.219,1,70779
1308.271,1,71252
1316.316,1,71444
1324.353,1,71608
1332.382,1,71886
1340.404,1,72569
1348.419,1,73209
1356.426,1,73755
1364.426,1,74839
1372.419,1,75800
1380.404,1,76741
1388.382,1,78029
1396.352,1,79622
1404.315,1,81061
1412.271,1,82981
1420.219,1,84630
1428.160,1,86297
1436.094,1,87679
1444.020,1,88878
1451.939,1,89207
1459.851,1,88972
1467.755,1,88054
1475.652,1,87515
1483.542,1,85995
1491.425,1,84685
1499.300,1,83249
1507.168,1,82095
1515.029,1,80860
1522.883,1,79904
1530.730,1,79004
1538.569,1,78167
1546.401,1,77719
1554.226,1,77593
1562.044,1,76993
1569.855,1,76578
1577.658,1,76542
1585.455,1,76185
1593.244,1,75884
1601.026,1,75953
1608.802,1,75898
1616.570,1,75489
1624.330,1,75747
1632.084,1,75767
1639.831,1,76222
1647.571,1,76196
1655.303,1,76673
1663.029,1,77066
1670.748,1,77253
1678.459,1,77443
1686.164,1,77400
1693.861,1,77411
1701.552,1,76987
1709.236,1,76381
1716.912,1,76081
1724.582,1,76295
1732.245,1,76083
1739.901,1,76261
1747.549,1,76193
1755.191,1,76186
1762.826,1,76385
1770.455,1,76600
1778.076,1,76475
1785.690,1,76555
1793.298,1,76642
1800.898,1,76496
1808.492,1,76397
1816.079,1,76576
1823.659,1,76453
1831.232,1,76715
1838.799,1,76494
1846.358,1,76266
1853.911,1,76279
1861.457,1,75979
1868.997,1,75809
1876.529,1,75869
1884.055,1,75868
1891.574,1,75986
1899.086,1,75976
1906.591,1,75972
1914.090,1,76010
1921.582,1,76005
1929.067,1,75863
1936.546,1,76179
1944.018,1,76133
1951.483,1,75887
1958.942,1,76076
1966.394,1,76435
1973.839,1,77117
1981.278,1,78848
1988.710,1,80609
1996.135,1,81168
2003.554,1,80172
2010.966,1,78550
2018.371,1,77455
2025.770,1,76795
2033.162,1,76765
2040.548,1,76758
2047.927,1,76182
2055.300,1,76318
2062.666,1,76964
2070.026,1,77200
2077.379,1,77266
2084.725,1,76906
2092.065,1,76626
2099.398,1,76724
2106.725,1,77187
2114.046,1,77413
2121.360,1,77660
2128.667,1,78186
2135.968,1,79038
2143.263,1,78920
2150.551,1,79579
2157.833,1,81010
2165.108,1,83011
2172.377,1,83247
2179.639,1,82368
2186.895,1,80859
2194.145,1,80526
2201.388,1,80486
2208.625,1,80797
2215.856,1,81386
2223.080,1,81897
2230.298,1,82219
2237.509,1,82340
2244.714,1,82413
2251.913,1,82392
2259.105,1,82230
2266.292,1,82810
2273.471,1,82710
2280.645,1,82555
2287.812,1,82801
2294.973,1,82790
2302.128,1,83129
2309.276,1,83459
2316.419,1,83796
2323.555,1,83981
2330.684,1,84057
2337.808,1,83867
2344.925,1,69284
2352.036,1,84417
2359.141,1,84687
2366.240,1,84605
2373.332,1,84938
2380.418,1,85114
2387.498,1,85831
2394.572,1,86257
2401.640,1,86956
2408.702,1,87033
2415.757,1,87514
2422.807,1,88132
2429.850,1,88499
2436.887,1,89016
2443.918,1,90204
2450.943,1,91052
2457.962,1,92454
2464.975,1,93507
2471.981,1,95089
2478.982,1,96882
2485.976,1,98638
2492.965,1,99365
2499.947,1,99745
2506.924,1,100454
2513.894,1,100792
2520.858,1,100968
2527.817,1,100652
2534.769,1,100096
2541.715,1,100302
2548.656,1,99674
2555.590,1,100040
2562.519,1,99679
2569.441,1,99162
2576.357,1,99302
2583.268,1,98439
2590.173,1,97708
2597.071,1,96564
2603.964,1,95955
2610.851,1,95403
2617.731,1,95585
2624.606,1,95741
2631.475,1,97173
2638.339,1,99579
2645.196,1,102083
2652.047,1,105500
2658.893,1,109074
2665.733,1,112903
2672.566,1,116831
2679.394,1,121353
2686.217,1,127038
2693.033,1,134428
2699.843,1,141838
2706.648,1,150332
2713.447,1,158466
2720.240,1,165944
2727.027,1,171955
2733.809,1,179336
2740.584,1,186005
2747.354,1,191376
2754.119,1,195257
2760.877,1,197823
2767.630,1,201357
2774.377,1,209415
2781.118,1,218378
2787.853,1,214277
2794.583,1,178393
2801.307,1,123304
2808.025,1,86535
2814.738,1,75377
2821.445,1,78039
2828.146,1,86132
2834.842,1,108033
2841.532,1,477088
2848.216,1,4326583
2854.894,1,6489166
2861.567,1,6489434
2868.235,1,6236893
2874.896,1,3306299
2881.552,1,330454
2888.203,1,152726
2894.848,1,118105
2901.487,1,98894
2908.121,1,86454
2914.749,1,78007
2921.371,1,72375
2927.988,1,68368
2934.599,1,65741
2941.205,1,63549
2947.805,1,61652
2954.400,1,60000
2960.989,1,58579
2967.572,1,57638
2974.150,1,56596
2980.723,1,55841
2987.290,1,55219
2993.851,1,54405
3000.407,1,54151
3006.958,1,53594
3013.503,1,53365
3020.042,1,53170
3026.576,1,52926
3033.105,1,52649
3039.628,1,52360
3046.146,1,52243
3052.658,1,52080
3059.165,1,51840
3065.666,1,51730
3072.162,1,51485
3078.653,1,51447
3085.138,1,51430
3091.617,1,51213
3098.092,1,51265
3104.561,1,51128
3111.024,1,51036
3117.482,1,50919
3123.935,1,50874
3130.383,1,50818
3136.825,1,50682
3143.261,1,50713
3149.693,1,50736
3156.119,1,50602
3162.539,1,50663
3168.955,1,50498
3175.365,1,50489
3181.770,1,50389
3188.169,1,50342
3194.563,1,50370
3200.952,1,50290
3207.336,1,50153
3213.714,1,50340
3220.087,1,50294
3226.455,1,50322
3232.817,1,50409
3239.175,1,50377
3245.527,1,50269
3251.873,1,50150
3258.215,1,50280
3264.551,1,50107
3270.882,1,50113
3277.208,1,50136
3283.529,1,50122
3289.844,1,50081
3296.155,1,50010
3302.460,1,50073
3308.760,1,49986
3315.054,1,49981
3321.344,1,49967
3327.628,1,50019
3333.908,1,49990
3340.182,1,50017
3346.451,1,50069
3352.715,1,50017
3358.973,1,49997
3365.227,1,49911
3371.475,1,49979
3377.719,1,49976
3383.957,1,49881
3390.190,1,49999
3396.418,1,49892
3402.641,1,49929
3408.859,1,49936
3415.072,1,49874
3421.279,1,49862
3427.482,1,49831
3433.680,1,49894
3439.872,1,49870
3446.060,1,49810
3452.242,1,49864
3458.420,1,49888
3464.592,1,49827
3470.760,1,49861
3476.922,1,49855
3483.080,1,49902
3489.232,1,49937
3495.379,1,49867
3501.522,1,49840
3507.659,1,49795
3513.792,1,49872
3519.919,1,49794
3526.042,1,49812
3532.159,1,49819
3538.272,1,49774
3544.380,1,49719
3550.482,1,49774
3556.580,1,49770
3562.673,1,49706
3568.761,1,49708
3574.844,1,49749
3580.922,1,49826
3586.996,1,49747
3593.064,1,49672
3599.127,1,49692
3605.186,1,49721
3611.240,1,49648
3617.288,1,49695
3623.332,1,49673
3629.371,1,49758
3635.406,1,49744
3641.435,1,49707
3647.459,1,49623
3653.479,1,49660
3659.494,1,49726
3665.504,1,49655
3671.509,1,49651
3677.510,1,49654
3683.505,1,49604
3689.496,1,49572
3695.482,1,49629
3701.463,1,49612
3707.440,1,49640
3713.411,1,49581
3719.378,1,49626
3725.340,1,49645
3731.297,1,49640
3737.250,1,49585
3743.198,1,49510
3749.141,1,49469
3755.079,1,49614
3761.013,1,49430
3766.942,1,49518
3772.866,1,49529
3778.785,1,49436
3784.700,1,49494
3790.610,1,49442
3796.515,1,49500
3802.416,1,49473
3808.312,1,49457
3814.203,1,49505
3820.089,1,49525
3825.971,1,49448
3831.848,1,49499
3837.721,1,49468
3843.589,1,49468
3849.452,1,49377
3855.310,1,49437
3861.164,1,49487
3867.014,1,49381
3872.858,1,49351
3878.698,1,49440
3884.534,1,49395
3890.365,1,49446
3896.191,1,49449
3902.012,1,49360
3907.830,1,49327
3913.642,1,49379
3919.450,1,49432
3925.253,1,49331
3931.052,1,49386
3936.846,1,49251
3942.635,1,49354
3948.420,1,49325
3954.201,1,49400
3959.977,1,49361
3965.748,1,49352
3971.515,1,49332
3977.277,1,49252
3983.035,1,49395
3988.788,1,49335
3994.537,1,49301
4000.281,1,49314
4006.021,1,49310
4011.756,1,49339
4017.487,1,49317
4023.213,1,49232
4028.934,1,49302
4034.652,1,49272
4040.364,1,49220
4046.073,1,49270
4051.777,1,49388
4057.476,1,49315
4063.171,1,49327
4068.861,1,49225
4074.547,1,49263
4080.229,1,49240
4085.906,1,49256
4091.579,1,49263
4097.247,1,49367
4102.911,1,49418
4108.571,1,49358
4114.226,1,49306
4119.877,1,49232
4125.523,1,49262
4131.165,1,49171
4136.802,1,49223
4142.435,1,49224
4148.064,1,49191
4153.689,1,49201
4159.309,1,49187
4164.924,1,49208
4170.536,1,49207
4176.143,1,49150
4181.745,1,49199
4187.343,1,49121
4192.937,1,49205
4198.527,1,49165
4204.112,1,49136
4209.693,1,49111
4215.270,1,49149
4220.842,1,49160
4226.410,1,49197
4231.974,1,49084
4237.534,1,49186
4243.089,1,49209
4248.640,1,49199
4254.186,1,49099
4259.729,1,49176
4265.267,1,49186
4270.800,1,49155
4276.330,1,49165
4281.855,1,49108
4287.376,1,49161
4292.893,1,49076
4298.405,1,49121
4303.914,1,49059
4309.418,1,49144
4314.918,1,49137
4320.413,1,49090
4325.905,1,49099
4331.392,1,49103
4336.875,1,49086
4342.354,1,49124
4347.828,1,49074
4353.299,1,49098
4358.765,1,49100
4364.227,1,49057
4369.685,1,49107
4375.138,1,49087
4380.588,1,49029
4386.033,1,49095
4391.475,1,49121
4396.912,1,49115
4402.344,1,48990
4407.773,1,49089
4413.198,1,49072
4418.618,1,49073
4424.035,1,49102
4429.447,1,49021
4434.855,1,49070
4440.259,1,49114
4445.659,1,49059
4451.055,1,49091
4456.446,1,49086
4461.834,1,49150
4467.217,1,49167
4472.597,1,49149
4477.972,1,49073
4483.343,1,49153
4488.710,1,49202
4494.073,1,49170
4499.432,1,49143
4504.787,1,49181
4510.138,1,49166
4515.485,1,49167
4520.828,1,49134
4526.167,1,49138
4531.501,1,49126
4536.832,1,49122
4542.159,1,49051
4547.481,1,49023
4552.800,1,48934
4558.115,1,48942
4563.425,1,48985
4568.732,1,48876
4574.035,1,48887
4579.333,1,48891
4584.628,1,48842
4589.918,1,48837
4595.205,1,48826
4600.488,1,48965
4605.766,1,48881
4611.041,1,48855
4616.312,1,48884
4621.579,1,48837
4626.841,1,48836
4632.100,1,48871
4637.355,1,48797
4642.606,1,48797
4647.853,1,48850
4653.096,1,48745
4658.336,1,48839
4663.571,1,48808
4668.802,1,48833
4674.030,1,48801
4679.253,1,48834
4684.473,1,48839
4689.689,1,48787
4694.900,1,48831
4700.108,1,48834
4705.312,1,48761
4710.513,1,48873
4715.709,1,48829
4720.901,1,48766
4726.090,1,48793
4731.274,1,48776
4736.455,1,48871
4741.632,1,48811
4746.805,1,48839
4751.974,1,48806
4757.140,1,48806
4762.301,1,48772
4767.459,1,48769
4772.613,1,48845
4777.763,1,48819
4782.909,1,48755
4788.052,1,48793
4793.190,1,48791
4798.325,1,48714
4803.456,1,48770
4808.583,1,48778
4813.706,1,48705
4818.826,1,48772
4823.942,1,48777
4829.054,1,48716
4834.162,1,48693
4839.266,1,48731
4844.367,1,48734
4849.464,1,48681
4854.557,1,48703
4859.646,1,48748
4864.732,1,48731
4869.814,1,48722
4874.892,1,48691
4879.966,1,48751
4885.037,1,48710
4890.104,1,48720
4895.167,1,48728
4900.226,1,48700
4905.282,1,48698
4910.334,1,48702
4915.382,1,48662
4920.427,1,48675
4925.468,1,48732
4930.505,1,48674
4935.538,1,48690
4940.568,1,48708
4945.594,1,48691
4950.616,1,48680
4955.635,1,48680
4960.650,1,48760
4965.661,1,48649
4970.669,1,48661
4975.673,1,48681
4980.673,1,48713
4985.670,1,48703
4990.663,1,48706
4995.652,1,48684
5000.638,1,48668
5005.620,1,48723
5010.598,1,48730
5015.573,1,48693
5020.544,1,48687
5025.512,1,48697
5030.476,1,48726
5035.436,1,48681
5040.393,1,48677
5045.346,1,48634
5050.295,1,48721
5055.241,1,48691
5060.183,1,48685
5065.122,1,48677
5070.057,1,48699
5074.988,1,48631
5079.916,1,48721
5084.841,1,48682
5089.761,1,48711
5094.679,1,48625
5099.592,1,48662
5104.502,1,48690
5109.409,1,48724
5114.312,1,48673
5119.211,1,48667
5124.107,1,48658
5128.999,1,48652
5133.888,1,48649
5138.773,1,48619
5143.654,1,48649
5148.533,1,48653
5153.407,1,48691
5158.278,1,48707
5163.146,1,48723
5168.010,1,48686
5172.870,1,48618
5177.727,1,48655
5182.581,1,48662
5187.431,1,48598
5192.277,1,48691
5197.120,1,48614
5201.960,1,48619
5206.796,1,48609
5211.629,1,48618
5216.458,1,48661
5221.283,1,48622
5226.106,1,48648
5230.924,1,48616
5235.739,1,48625
5240.551,1,48672
5245.360,1,48651
5250.164,1,48581
5254.966,1,48676
5259.764,1,48664
5264.558,1,48609
5269.349,1,48679
5274.137,1,48643
5278.921,1,48573
5283.702,1,48625
5288.480,1,48636
5293.254,1,48614
5298.024,1,48564
5302.791,1,48621
5307.555,1,48588
5312.315,1,48633
5317.072,1,48565
5321.826,1,48619
5326.576,1,48626
5331.323,1,48627
5336.066,1,48657
5340.806,1,48607
5345.543,1,48658
5350.276,1,48609
5355.006,1,48606
5359.733,1,48583
5364.456,1,48621
5369.175,1,48593
5373.892,1,48551
5378.605,1,48618
5383.315,1,48617
5388.021,1,48669
5392.724,1,48580
5397.424,1,48592
5402.120,1,48598
5406.813,1,48611
5411.503,1,48547
5416.189,1,48553
5420.873,1,48604
5425.552,1,48563
5430.229,1,48581
5434.902,1,48538
5439.572,1,48537
5444.238,1,48631
5448.901,1,48565
5453.561,1,48672
5458.218,1,48567
5462.871,1,48581
5467.521,1,48581
5472.168,1,48627
5476.812,1,48601
5481.452,1,48594
5486.089,1,48607
5490.723,1,48581
5495.353,1,48568
5499.980,1,48628
5504.604,1,48649
5509.225,1,48650
5513.842,1,48637
5518.456,1,48635
5523.067,1,48639
5527.675,1,48604
5532.279,1,48604
5536.881,1,48642
5541.479,1,48747
5546.073,1,48707
5550.665,1,48624
5555.253,1,49736
5559.838,1,54093
