184.081,1,457759
186.293,1,449857
188.506,1,445823
190.717,1,442350
192.928,1,438528
195.138,1,433618
197.348,1,429538
199.557,1,424718
201.766,1,419513
203.974,1,415025
206.182,1,410499
208.389,1,404911
210.595,1,400701
212.801,1,396117
215.007,1,391685
217.211,1,387488
219.416,1,382911
221.619,1,379688
223.823,1,376750
226.025,1,371616
228.227,1,368284
230.429,1,363185
232.630,1,359395
234.830,1,356813
237.030,1,352767
239.229,1,349507
241.428,1,346973
243.626,1,343523
245.824,1,339885
248.021,1,337391
250.217,1,334865
252.413,1,331121
254.609,1,327971
256.804,1,325501
258.998,1,323149
261.192,1,321735
263.385,1,318037
265.578,1,315950
267.770,1,313645
269.961,1,309449
272.152,1,307901
274.343,1,305388
276.533,1,303415
278.722,1,301246
280.911,1,297966
283.099,1,296199
285.287,1,292932
287.474,1,290958
289.661,1,287656
291.847,1,285422
294.032,1,283762
296.217,1,281595
298.402,1,279318
300.586,1,277383
302.769,1,275952
304.952,1,274060
307.134,1,271786
309.316,1,269882
311.497,1,269077
313.677,1,267300
315.857,1,266136
318.037,1,264572
320.216,1,263864
322.394,1,263054
324.572,1,262125
326.750,1,261460
328.926,1,260926
331.103,1,259974
333.278,1,259784
335.454,1,259146
337.628,1,258781
339.802,1,257376
341.976,1,257017
344.149,1,257489
346.321,1,256773
348.493,1,256278
350.665,1,257138
352.835,1,255710
355.006,1,255832
357.175,1,255659
359.345,1,256064
361.513,1,255388
363.681,1,255271
365.849,1,254705
368.016,1,254052
370.182,1,254463
372.348,1,254241
374.514,1,254480
376.679,1,254487
378.843,1,253949
381.007,1,253942
383.170,1,253864
385.333,1,253869
387.495,1,254468
389.657,1,254819
391.818,1,254867
393.978,1,255056
396.138,1,254970
398.298,1,255238
400.457,1,256190
402.615,1,256791
404.773,1,257356
406.930,1,258283
409.087,1,258636
411.244,1,258764
413.399,1,260219
415.554,1,260046
417.709,1,260822
419.863,1,261868
422.017,1,262102
424.170,1,262811
426.322,1,263170
428.474,1,263927
430.626,1,263622
432.777,1,263675
434.927,1,264971
437.077,1,265028
439.226,1,265992
441.375,1,265245
443.523,1,265547
445.671,1,265571
447.818,1,265752
449.965,1,266008
452.111,1,266056
454.257,1,265827
456.402,1,266926
458.546,1,266614
460.690,1,265775
462.834,1,266928
464.976,1,265859
467.119,1,266306
469.261,1,265885
471.402,1,266319
473.543,1,265885
475.683,1,265535
477.823,1,266317
479.962,1,265794
482.101,1,265357
484.239,1,266066
486.376,1,265893
488.513,1,266275
490.650,1,265828
492.786,1,266758
494.922,1,266175
497.057,1,266930
499.191,1,267013
501.325,1,268915
503.458,1,269507
505.591,1,271132
507.723,1,271861
509.855,1,272538
511.987,1,274207
514.117,1,277598
516.247,1,277120
518.377,1,278318
520.506,1,278252
522.635,1,277353
524.763,1,277683
526.891,1,278205
529.018,1,276804
531.144,1,276649
533.270,1,276169
535.396,1,275826
537.521,1,275314
539.645,1,275534
541.769,1,275066
543.892,1,274508
546.015,1,274785
548.138,1,274558
550.259,1,274593
552.381,1,274665
554.502,1,274488
556.622,1,275383
558.741,1,276168
560.861,1,276138
562.979,1,275771
565.097,1,276690
567.215,1,276292
569.332,1,276843
571.449,1,276667
573.565,1,277431
575.680,1,277097
577.795,1,276608
579.910,1,277403
582.024,1,277360
584.137,1,277520
586.250,1,277393
588.363,1,277646
590.475,1,276739
592.586,1,276938
594.697,1,277564
596.807,1,276798
598.917,1,277230
601.026,1,277066
603.135,1,277413
605.243,1,276972
607.351,1,276863
609.458,1,276971
611.565,1,276901
613.671,1,277609
615.777,1,276866
617.882,1,277117
619.987,1,277349
622.091,1,277191
624.194,1,278569
626.297,1,279194
628.400,1,280697
630.502,1,280376
632.604,1,279290
634.705,1,279408
636.805,1,279641
638.905,1,279140
641.005,1,279768
643.104,1,280651
645.202,1,281494
647.300,1,282172
649.397,1,283439
651.494,1,284703
653.591,1,284137
655.686,1,284485
657.782,1,284406
659.877,1,286142
661.971,1,287300
664.065,1,288854
666.158,1,288921
668.251,1,289669
670.343,1,290787
672.435,1,291419
674.526,1,292290
676.617,1,292181
678.707,1,292131
680.797,1,291965
682.886,1,292779
684.975,1,293549
687.063,1,293641
689.151,1,293352
691.238,1,293737
693.324,1,293775
695.410,1,293087
697.496,1,293846
699.581,1,292468
701.666,1,294426
703.750,1,295226
705.833,1,295340
707.917,1,294995
709.999,1,294983
712.081,1,295209
714.163,1,295618
716.244,1,294782
718.324,1,295168
720.404,1,294587
722.484,1,295748
724.563,1,295799
726.641,1,295061
728.719,1,295487
730.797,1,295546
732.874,1,295764
734.950,1,296274
737.026,1,295825
739.102,1,295938
741.177,1,295679
743.251,1,295758
745.325,1,295788
747.398,1,296417
749.471,1,295558
751.544,1,296257
753.616,1,295782
755.687,1,295278
757.758,1,296024
759.828,1,295703
761.898,1,295464
763.968,1,295359
766.036,1,295658
768.105,1,296074
770.173,1,294922
772.240,1,295245
774.307,1,295046
776.373,1,295619
778.439,1,294782
780.504,1,295381
782.569,1,295989
784.634,1,296713
786.697,1,297907
788.761,1,297902
790.824,1,298747
792.886,1,299630
794.948,1,299305
797.009,1,298695
799.070,1,299176
801.130,1,298663
803.190,1,298536
805.249,1,299515
807.308,1,299131
809.367,1,300078
811.424,1,299846
813.482,1,300590
815.539,1,300161
817.595,1,301133
819.651,1,300960
821.706,1,301522
823.761,1,301509
825.815,1,302446
827.869,1,303176
829.922,1,304253
831.975,1,304011
834.028,1,305092
836.079,1,304347
838.131,1,304735
840.182,1,303838
842.232,1,304334
844.282,1,303733
846.331,1,304150
848.380,1,304260
850.428,1,305670
852.476,1,306902
854.524,1,307134
856.570,1,308876
858.617,1,310233
860.663,1,309349
862.708,1,307746
864.753,1,308514
866.797,1,308994
868.841,1,309374
870.885,1,309309
872.928,1,311269
874.970,1,313327
877.012,1,314433
879.053,1,315881
881.094,1,318556
883.135,1,318673
885.175,1,319568
887.214,1,318809
889.253,1,318223
891.291,1,315777
893.329,1,314564
895.367,1,313576
897.404,1,312771
899.440,1,312610
901.476,1,313013
903.512,1,312900
905.547,1,312547
907.581,1,312972
909.615,1,313317
911.649,1,313361
913.682,1,313953
915.714,1,314838
917.746,1,314838
919.778,1,315754
921.809,1,317190
923.840,1,317264
925.870,1,316787
927.899,1,318164
929.928,1,318310
931.957,1,318887
933.985,1,319650
936.013,1,320273
938.040,1,319844
940.067,1,320064
942.093,1,321429
944.119,1,321904
946.144,1,321318
948.168,1,321791
950.193,1,322894
952.216,1,321961
954.240,1,322713
956.262,1,321652
958.285,1,321931
960.306,1,321430
962.328,1,322272
964.349,1,323011
966.369,1,322828
968.389,1,322398
970.408,1,323468
972.427,1,322056
974.445,1,321947
976.463,1,321539
978.481,1,321570
980.498,1,321093
982.514,1,321837
984.530,1,321595
986.545,1,322562
988.560,1,321908
990.575,1,322698
992.589,1,322527
994.602,1,323444
996.615,1,324231
998.628,1,324632
1000.640,1,324166
1002.652,1,325026
1004.663,1,326876
1006.673,1,333094
1008.684,1,340367
1010.693,1,339591
1012.702,1,332695
1014.711,1,327467
1016.719,1,325613
1018.727,1,325460
1020.734,1,325516
1022.741,1,325475
1024.747,1,326551
1026.753,1,326838
1028.758,1,326948
1030.763,1,327240
1032.768,1,329322
1034.772,1,331049
1036.775,1,332348
1038.778,1,332446
1040.780,1,330730
1042.782,1,330173
1044.784,1,329734
1046.785,1,330752
1048.785,1,330617
1050.785,1,330889
1052.785,1,331856
1054.784,1,331888
1056.782,1,332190
1058.781,1,333649
1060.778,1,333794
1062.775,1,335061
1064.772,1,335751
1066.768,1,337233
1068.764,1,337959
1070.759,1,339391
1072.754,1,341334
1074.748,1,343572
1076.742,1,345280
1078.735,1,347311
1080.728,1,349532
1082.721,1,350444
1084.713,1,351307
1086.704,1,350435
1088.695,1,349142
1090.686,1,347280
1092.676,1,345496
1094.665,1,344598
1096.654,1,344056
1098.643,1,342582
1100.631,1,342965
1102.618,1,341894
1104.606,1,342488
1106.592,1,342959
1108.578,1,342901
1110.564,1,342870
1112.549,1,342328
1114.534,1,342358
1116.519,1,341840
1118.502,1,342163
1120.486,1,341730
1122.469,1,342134
1124.451,1,342474
1126.433,1,343126
1128.414,1,344480
1130.395,1,344497
1132.376,1,345222
1134.356,1,345212
1136.336,1,345416
1138.315,1,343819
1140.293,1,343730
1142.271,1,341669
1144.249,1,341338
1146.226,1,341112
1148.203,1,341494
1150.179,1,342373
1152.155,1,342717
1154.131,1,343156
1156.105,1,344260
1158.080,1,345191
1160.054,1,346608
1162.027,1,346647
1164.000,1,347622
1165.973,1,347123
1167.945,1,345525
1169.916,1,345237
1171.887,1,345868
1173.858,1,346161
1175.828,1,346080
1177.798,1,347052
1179.767,1,346908
1181.736,1,347768
1183.704,1,348157
1185.672,1,347779
1187.639,1,348116
1189.606,1,347575
1191.573,1,346597
1193.539,1,347031
1195.504,1,346650
1197.469,1,346464
1199.434,1,346618
1201.398,1,346690
1203.361,1,347400
1205.325,1,348010
1207.287,1,349124
1209.249,1,350430
1211.211,1,351675
1213.173,1,352394
1215.133,1,353901
1217.094,1,351611
1219.054,1,351911
1221.013,1,350470
1222.972,1,350874
1224.931,1,350081
1226.889,1,350138
1228.846,1,350119
1230.803,1,350566
1232.760,1,351007
1234.716,1,352540
1236.672,1,353107
1238.627,1,353498
1240.582,1,354678
1242.536,1,355165
1244.490,1,356648
1246.443,1,356862
1248.396,1,356771
1250.349,1,357753
1252.301,1,359103
1254.252,1,359071
1256.203,1,360111
1258.154,1,360493
1260.104,1,360027
1262.054,1,360115
1264.003,1,360605
1265.952,1,360804
1267.900,1,361797
1269.848,1,362119
1271.796,1,362418
1273.742,1,363633
1275.689,1,363490
1277.635,1,363808
1279.581,1,364502
1281.526,1,364824
1283.470,1,365333
1285.414,1,364989
1287.358,1,365210
1289.301,1,366172
1291.244,1,367132
1293.187,1,366990
1295.128,1,366809
1297.070,1,367858
1299.011,1,368094
1300.951,1,368820
1302.891,1,369774
1304.831,1,370683
1306.770,1,370690
1308.709,1,371813
1310.647,1,371855
1312.585,1,372914
1314.522,1,372602
1316.459,1,374345
1318.395,1,374908
1320.331,1,376280
1322.267,1,375768
1324.202,1,378250
1326.136,1,377579
1328.070,1,378190
1330.004,1,377707
1331.937,1,377861
1333.870,1,378039
1335.802,1,377518
1337.734,1,378489
1339.665,1,378828
1341.596,1,379275
1343.527,1,380323
1345.457,1,380774
1347.386,1,191385
1349.315,1,378609
1351.244,1,379014
1353.172,1,378028
1355.100,1,376903
1357.027,1,375950
1358.954,1,375943
1360.880,1,374436
1362.806,1,374566
1364.732,1,374417
1366.657,1,372991
1368.581,1,373274
1370.506,1,373104
1372.429,1,372435
1374.352,1,371719
1376.275,1,370894
1378.197,1,371291
1380.119,1,372592
1382.041,1,371737
1383.962,1,371578
1385.882,1,373489
1387.802,1,374312
1389.722,1,374489
1391.641,1,375106
1393.560,1,376394
1395.478,1,377322
1397.396,1,378406
1399.313,1,379008
1401.230,1,379328
1403.146,1,379707
1405.062,1,380608
1406.978,1,382009
1408.893,1,382150
1410.808,1,382628
1412.722,1,383527
1414.636,1,384053
1416.549,1,384064
1418.462,1,384706
1420.374,1,384264
1422.286,1,384721
1424.198,1,384500
1426.109,1,384958
1428.019,1,384704
1429.929,1,384192
1431.839,1,384191
1433.748,1,383226
1435.657,1,381559
1437.566,1,383426
1439.474,1,384145
1441.381,1,384271
1443.288,1,385289
1445.195,1,387483
1447.101,1,387691
1449.006,1,388123
1450.912,1,389764
1452.816,1,389918
1454.721,1,390172
1456.625,1,389909
1458.528,1,388416
1460.431,1,387653
1462.334,1,386426
1464.236,1,385231
1466.138,1,385311
1468.039,1,383685
1469.940,1,383534
1471.840,1,381677
1473.740,1,381233
1475.639,1,380889
1477.538,1,379481
1479.437,1,378440
1481.335,1,376907
1483.233,1,377470
1485.130,1,376292
1487.027,1,376328
1488.923,1,376016
1490.819,1,375571
1492.715,1,375376
1494.610,1,375976
1496.504,1,376184
1498.398,1,375082
1500.292,1,375830
1502.185,1,376200
1504.078,1,375803
1505.971,1,375776
1507.862,1,375675
1509.754,1,375855
1511.645,1,377159
1513.536,1,376520
1515.426,1,377226
1517.316,1,377807
1519.205,1,377991
1521.094,1,378403
1522.982,1,378628
1524.870,1,378179
1526.758,1,379110
1528.645,1,378460
1530.531,1,378978
1532.418,1,378353
1534.303,1,378675
1536.189,1,378145
1538.074,1,378155
1539.958,1,378444
1541.842,1,377871
1543.726,1,378557
1545.609,1,378184
1547.492,1,378859
1549.374,1,379337
1551.256,1,378414
1553.137,1,379158
1555.018,1,379041
1556.898,1,379082
1558.779,1,378122
1560.658,1,379180
1562.537,1,378317
1564.416,1,378653
1566.295,1,377780
1568.172,1,378377
1570.050,1,378447
1571.927,1,378706
1573.804,1,379280
1575.680,1,379246
1577.555,1,379583
1579.431,1,379391
1581.306,1,379807
1583.180,1,379667
1585.054,1,380394
1586.927,1,381173
1588.801,1,381363
1590.673,1,382362
1592.545,1,382230
1594.417,1,381401
1596.289,1,382104
1598.160,1,383189
1600.030,1,383489
1601.900,1,383046
1603.770,1,384451
1605.639,1,384409
1607.508,1,387552
1609.376,1,387148
1611.244,1,388937
1613.111,1,388069
1614.979,1,387823
1616.845,1,388646
1618.711,1,389334
1620.577,1,388968
1622.442,1,389445
1624.307,1,390314
1626.172,1,390291
1628.036,1,388003
1629.899,1,390214
1631.762,1,390292
1633.625,1,391314
1635.487,1,392774
1637.349,1,393245
1639.211,1,393093
1641.072,1,393787
1642.932,1,395021
1644.792,1,395200
1646.652,1,396480
1648.511,1,396920
1650.370,1,397578
1652.229,1,398653
1654.087,1,399251
1655.944,1,400581
1657.801,1,400718
1659.658,1,398883
1661.514,1,398912
1663.370,1,397008
1665.226,1,396413
1667.080,1,394381
1668.935,1,391512
1670.789,1,390248
1672.643,1,388811
1674.496,1,388223
1676.349,1,385701
1678.201,1,385346
1680.053,1,383030
1681.905,1,383379
1683.756,1,380567
1685.607,1,380119
1687.457,1,377783
1689.307,1,376344
1691.156,1,376333
1693.005,1,374702
1694.854,1,373887
1696.702,1,372063
1698.550,1,370977
1700.397,1,370149
1702.244,1,368940
1704.090,1,367585
1705.936,1,367424
1707.782,1,366419
1709.627,1,365829
1711.472,1,365357
1713.316,1,364526
1715.160,1,364231
1717.004,1,363550
1718.847,1,362255
1720.689,1,361505
1722.531,1,360812
1724.373,1,360587
1726.215,1,360375
1728.056,1,360262
1729.896,1,358719
1731.736,1,357795
1733.576,1,357895
1735.415,1,357677
1737.254,1,357003
1739.092,1,356613
1740.930,1,355855
1742.768,1,355260
1744.605,1,354019
1746.442,1,354187
1748.278,1,353215
1750.114,1,352470
1751.949,1,351752
1753.784,1,351416
1755.619,1,350856
1757.453,1,350689
1759.287,1,349439
1761.120,1,348454
1762.953,1,348382
1764.785,1,347880
1766.617,1,347032
1768.449,1,346275
1770.280,1,345770
1772.111,1,345446
1773.941,1,344731
1775.771,1,343479
1777.601,1,342938
1779.430,1,341919
1781.259,1,341679
1783.087,1,341029
1784.915,1,340870
1786.742,1,340314
1788.569,1,339990
1790.396,1,339743
1792.222,1,339738
1794.048,1,339580
1795.873,1,339786
1797.698,1,338978
1799.523,1,338599
1801.347,1,338838
1803.171,1,339600
1804.994,1,339440
1806.817,1,339366
1808.639,1,341382
1810.461,1,340683
1812.283,1,341523
1814.104,1,341143
1815.925,1,342397
1817.745,1,344152
1819.565,1,344167
1821.384,1,344461
1823.203,1,346589
1825.022,1,346165
1826.840,1,347118
1828.658,1,348281
1830.476,1,350165
1832.293,1,350731
1834.109,1,352569
1835.925,1,353336
1837.741,1,354738
1839.557,1,356224
1841.372,1,356697
1843.186,1,358654
1845.000,1,359319
1846.814,1,361073
1848.627,1,361985
1850.440,1,363129
1852.253,1,364826
1854.065,1,366919
1855.876,1,367466
1857.687,1,367657
1859.498,1,369264
1861.309,1,370923
1863.119,1,371267
1864.928,1,373407
1866.737,1,374171
1868.546,1,374559
1870.354,1,375816
1872.162,1,376601
1873.970,1,377074
1875.777,1,378162
1877.584,1,378379
1879.390,1,378861
1881.196,1,381155
1883.001,1,381094
1884.806,1,382198
1886.611,1,381319
1888.415,1,382447
1890.219,1,383072
1892.022,1,383399
1893.825,1,384366
1895.628,1,383908
1897.430,1,384211
1899.232,1,384347
1901.033,1,385651
1902.834,1,385226
1904.634,1,385181
1906.434,1,385994
1908.234,1,385508
1910.033,1,386129
1911.832,1,386239
1913.631,1,385922
1915.429,1,386842
1917.226,1,386120
1919.024,1,386739
1920.821,1,385544
1922.617,1,386748
1924.413,1,386895
1926.209,1,387269
1928.004,1,386988
1929.799,1,386147
1931.593,1,385590
1933.387,1,386494
1935.180,1,386363
1936.974,1,386436
1938.766,1,386966
1940.559,1,385827
1942.351,1,386469
1944.142,1,386407
1945.933,1,385804
1947.724,1,385974
1949.514,1,385941
1951.304,1,385802
1953.094,1,385437
1954.883,1,384863
1956.672,1,385516
1958.460,1,385426
1960.248,1,385144
1962.035,1,385617
1963.822,1,384397
1965.609,1,384937
1967.395,1,384995
1969.181,1,384508
1970.967,1,383632
1972.752,1,384214
1974.536,1,384189
1976.320,1,384187
1978.104,1,383622
1979.888,1,383709
1981.671,1,384519
1983.453,1,384326
1985.236,1,383835
1987.017,1,384133
1988.799,1,383791
1990.580,1,383903
1992.360,1,384295
1994.141,1,383506
1995.920,1,383031
1997.700,1,383026
1999.479,1,384100
2001.257,1,384031
2003.036,1,382923
2004.813,1,382717
2006.591,1,382577
2008.368,1,383049
2010.144,1,382462
2011.920,1,382827
2013.696,1,382367
2015.472,1,383067
2017.247,1,382775
2019.021,1,383119
2020.795,1,383850
2022.569,1,382525
2024.342,1,383146
2026.115,1,383064
2027.888,1,381922
2029.660,1,382611
2031.432,1,383136
2033.203,1,383110
2034.974,1,383457
2036.745,1,381580
2038.515,1,382776
2040.285,1,382646
2042.054,1,382689
2043.823,1,382225
2045.592,1,382079
2047.360,1,382053
2049.128,1,382306
2050.895,1,382675
2052.662,1,383375
2054.429,1,382692
2056.195,1,382089
2057.961,1,382777
2059.726,1,382617
2061.491,1,382185
2063.256,1,382379
2065.020,1,381740
2066.783,1,382643
2068.547,1,382192
2070.310,1,382530
2072.072,1,382759
2073.835,1,381212
2075.597,1,381836
2077.358,1,381978
2079.119,1,382358
2080.880,1,382145
2082.640,1,382705
2084.400,1,382319
2086.159,1,381547
2087.918,1,382060
2089.677,1,381595
2091.435,1,381603
2093.193,1,381324
2094.950,1,382278
2096.707,1,382686
2098.464,1,381833
2100.220,1,381697
2101.976,1,381252
2103.732,1,381900
2105.487,1,381557
2107.241,1,382005
2108.996,1,382869
2110.750,1,381995
2112.503,1,381931
2114.256,1,381701
2116.009,1,381384
2117.761,1,381423
2119.513,1,381979
2121.265,1,381258
2123.016,1,381784
2124.767,1,382088
2126.517,1,381920
2128.267,1,380915
2130.017,1,381325
2131.766,1,381035
2133.515,1,381257
2135.263,1,381414
2137.011,1,380711
2138.759,1,381656
2140.506,1,380702
2142.253,1,381006
2143.999,1,380617
2145.745,1,380489
2147.491,1,379957
2149.236,1,380342
2150.981,1,379085
2152.725,1,380075
2154.470,1,380020
2156.213,1,379774
2157.957,1,378696
2159.699,1,379735
2161.442,1,379860
2163.184,1,380218
2164.926,1,379634
2166.667,1,379671
2168.408,1,378985
2170.149,1,378930
2171.889,1,378363
2173.629,1,378513
2175.368,1,378639
2177.107,1,379175
2178.846,1,378602
2180.584,1,378734
2182.322,1,378418
2184.059,1,377921
2185.797,1,377454
2187.533,1,378048
2189.270,1,377482
2191.005,1,378515
2192.741,1,377267
2194.476,1,377849
2196.211,1,377389
2197.945,1,377223
2199.679,1,376770
2201.413,1,377724
2203.146,1,376784
2204.879,1,375838
2206.611,1,376672
2208.343,1,376612
2210.075,1,376868
2211.806,1,374980
2213.537,1,374848
2215.268,1,374820
2216.998,1,375544
2218.727,1,374308
2220.457,1,375052
2222.186,1,374513
2223.914,1,374429
2225.643,1,374274
2227.370,1,373655
2229.098,1,373116
2230.825,1,373031
2232.551,1,372786
2234.278,1,371863
2236.004,1,371543
2237.729,1,371320
2239.454,1,371107
2241.179,1,371210
2242.903,1,370502
2244.627,1,370077
2246.351,1,369593
2248.074,1,369422
2249.797,1,369451
2251.519,1,369414
2253.241,1,368846
2254.963,1,368850
2256.684,1,367268
2258.405,1,367034
2260.125,1,366227
2261.846,1,365735
2263.565,1,365349
2265.285,1,365168
2267.004,1,364309
2268.722,1,364699
2270.440,1,363613
2272.158,1,362649
2273.876,1,362500
2275.593,1,362375
2277.309,1,361804
2279.026,1,361044
2280.742,1,360474
2282.457,1,359976
2284.172,1,358912
2285.887,1,358890
2287.602,1,358959
2289.316,1,358639
2291.029,1,356917
2292.742,1,357329
2294.455,1,356996
2296.168,1,356269
2297.880,1,356684
2299.592,1,355875
2301.303,1,356156
2303.014,1,355195
2304.725,1,354659
2306.435,1,354443
2308.145,1,354577
2309.854,1,353819
2311.563,1,354499
2313.272,1,353420
2314.980,1,353535
2316.688,1,353174
2318.396,1,353498
2320.103,1,352566
2321.810,1,352511
2323.516,1,352505
2325.222,1,352527
2326.928,1,352313
2328.633,1,351941
2330.338,1,352398
2332.042,1,352132
2333.747,1,351908
2335.450,1,352343
2337.154,1,351225
2338.857,1,351983
2340.559,1,352052
2342.262,1,351406
2343.964,1,351886
2345.665,1,352034
2347.366,1,351840
2349.067,1,351981
2350.767,1,351599
2352.467,1,351841
2354.167,1,351767
2355.866,1,351702
2357.565,1,352103
2359.264,1,351792
2360.962,1,351923
2362.660,1,352034
2364.357,1,352225
2366.054,1,352374
2367.751,1,352194
2369.447,1,352524
2371.143,1,352319
2372.838,1,351814
2374.533,1,352187
2376.228,1,352424
2377.923,1,352508
2379.617,1,352524
2381.310,1,352372
2383.003,1,352389
2384.696,1,353206
2386.389,1,352668
2388.081,1,353152
2389.773,1,352484
2391.464,1,352107
2393.155,1,352320
2394.846,1,353390
2396.536,1,353265
2398.226,1,352503
2399.916,1,353252
2401.605,1,353349
2403.294,1,352779
2404.982,1,352381
2406.670,1,351773
2408.358,1,353123
2410.045,1,352525
2411.732,1,352277
2413.418,1,352814
2415.105,1,353499
2416.790,1,352336
2418.476,1,352891
2420.161,1,352699
2421.846,1,352174
2423.530,1,352209
2425.214,1,352387
2426.897,1,351997
2428.581,1,351939
2430.264,1,351695
2431.946,1,352393
2433.628,1,352018
2435.310,1,352026
2436.991,1,352888
2438.672,1,352163
2440.353,1,351574
2442.033,1,352041
2443.713,1,351543
2445.392,1,351833
2447.072,1,352093
2448.750,1,351377
2450.429,1,351563
2452.107,1,350718
2453.785,1,350279
2455.462,1,350609
2457.139,1,351059
2458.815,1,350695
2460.491,1,350353
2462.167,1,349408
2463.843,1,350224
2465.518,1,349265
2467.193,1,349269
2468.867,1,349693
2470.541,1,349598
2472.215,1,348999
2473.888,1,349025
2475.561,1,349943
2477.233,1,348977
2478.905,1,349527
2480.577,1,347565
2482.249,1,347816
2483.920,1,347833
2485.590,1,346813
2487.261,1,346856
2488.931,1,346961
2490.600,1,347665
2492.269,1,347140
2493.938,1,347363
2495.607,1,346245
2497.275,1,345784
2498.943,1,346007
2500.610,1,345988
2502.277,1,345253
2503.944,1,345957
2505.610,1,345327
2507.276,1,345008
2508.942,1,344923
2510.607,1,344523
2512.272,1,344193
2513.936,1,344041
2515.600,1,343601
2517.264,1,342592
2518.927,1,343256
2520.590,1,342948
2522.253,1,343153
2523.915,1,342613
2525.577,1,342613
2527.239,1,341496
2528.900,1,342315
2530.561,1,342587
2532.221,1,342221
2533.881,1,341605
2535.541,1,341636
2537.200,1,341734
2538.859,1,341656
2540.518,1,341718
2542.176,1,341458
2543.834,1,341479
2545.492,1,341328
2547.149,1,340954
2548.806,1,340940
2550.462,1,341020
2552.119,1,340952
2553.774,1,340310
2555.430,1,340756
2557.085,1,339851
2558.740,1,340351
2560.394,1,339795
2562.048,1,339909
2563.701,1,340171
2565.355,1,340012
2567.007,1,339388
2568.660,1,340371
2570.312,1,339283
2571.964,1,339337
2573.615,1,339227
2575.266,1,339436
2576.917,1,338991
2578.568,1,338799
2580.218,1,338588
2581.867,1,338884
2583.516,1,338969
2585.165,1,339218
2586.814,1,338358
2588.462,1,338393
2590.110,1,338358
2591.757,1,338302
2593.405,1,338267
2595.051,1,338177
2596.698,1,337696
2598.344,1,338066
2599.989,1,337436
2601.635,1,337548
2603.280,1,337255
2604.924,1,337716
2606.569,1,337244
2608.212,1,337721
2609.856,1,336434
2611.499,1,337251
2613.142,1,337359
2614.784,1,337389
2616.427,1,337030
2618.068,1,336721
2619.710,1,337674
2621.351,1,337145
2622.991,1,336284
2624.632,1,336896
2626.272,1,336762
2627.911,1,336570
2629.551,1,336669
2631.190,1,335988
2632.828,1,335932
2634.466,1,335665
2636.104,1,334830
2637.742,1,335351
2639.379,1,335237
2641.015,1,334724
2642.652,1,335493
2644.288,1,334428
2645.924,1,333962
2647.559,1,334120
2649.194,1,334428
2650.829,1,334029
2652.463,1,334462
2654.097,1,333510
2655.730,1,333660
2657.364,1,333495
2658.996,1,332803
2660.629,1,332778
2662.261,1,332214
2663.893,1,332535
2665.524,1,331917
2667.155,1,331992
2668.786,1,330776
2670.417,1,331421
2672.047,1,330884
2673.676,1,331545
2675.306,1,330957
2676.935,1,331202
2678.563,1,330941
2680.192,1,330406
2681.819,1,330405
2683.447,1,330309
2685.074,1,329751
2686.701,1,329607
2688.328,1,330108
2689.954,1,328583
2691.580,1,329032
2693.205,1,328788
2694.830,1,329148
2696.455,1,329299
2698.079,1,328507
2699.703,1,327825
2701.327,1,328001
2702.950,1,327732
2704.573,1,328415
2706.196,1,327502
2707.818,1,328522
2709.440,1,327189
2711.062,1,327653
2712.683,1,327675
2714.304,1,327048
2715.924,1,327001
2717.545,1,327067
2719.164,1,327186
