287.839,1,134559
290.027,1,129876
292.213,1,127770
294.400,1,127601
296.585,1,126352
298.770,1,125244
300.955,1,124308
303.139,1,123604
305.323,1,122474
307.506,1,122459
309.688,1,120848
311.870,1,119988
314.051,1,119401
316.232,1,118889
318.412,1,117779
320.592,1,117402
322.771,1,116782
324.950,1,116430
327.128,1,115857
329.305,1,115410
331.482,1,115166
333.658,1,114955
335.834,1,114507
338.010,1,114871
340.184,1,114736
342.359,1,114559
344.532,1,114567
346.706,1,116472
348.878,1,114493
351.050,1,114435
353.222,1,114467
355.393,1,113949
357.563,1,114777
359.733,1,114313
361.902,1,114457
364.071,1,114470
366.239,1,114311
368.407,1,114185
370.574,1,114317
372.741,1,114174
374.907,1,114003
377.073,1,114309
379.238,1,113996
381.402,1,114009
383.566,1,113827
385.730,1,114091
387.892,1,113980
390.055,1,113915
392.217,1,114196
394.378,1,114232
396.539,1,114180
398.699,1,114363
400.858,1,114150
403.017,1,114169
405.176,1,114294
407.334,1,113765
409.492,1,113854
411.648,1,113908
413.805,1,113598
415.961,1,113506
418.116,1,113492
420.271,1,113243
422.425,1,113387
424.579,1,112935
426.732,1,113066
428.885,1,112755
431.037,1,112696
433.189,1,112050
435.340,1,112432
437.490,1,112124
439.640,1,111892
441.790,1,111643
443.938,1,111384
446.087,1,111167
448.235,1,110961
450.382,1,110717
452.529,1,110475
454.675,1,110443
456.821,1,110292
458.966,1,109925
461.111,1,109818
463.255,1,109819
465.398,1,109328
467.541,1,109208
469.684,1,108677
471.826,1,108738
473.967,1,108622
476.108,1,108046
478.249,1,107583
480.389,1,107206
482.528,1,107287
484.667,1,107048
486.805,1,107038
488.943,1,106535
491.080,1,106515
493.217,1,106651
495.353,1,106541
497.489,1,106598
499.624,1,105697
501.758,1,106049
503.892,1,106233
506.026,1,106137
508.159,1,105488
510.291,1,105760
512.423,1,105543
514.555,1,105272
516.685,1,105533
518.816,1,105071
520.946,1,105560
523.075,1,105180
525.204,1,105466
527.332,1,105220
529.460,1,105394
531.587,1,105659
533.714,1,105565
535.840,1,105757
537.965,1,105648
540.090,1,105735
542.215,1,105488
544.339,1,105405
546.463,1,104960
548.586,1,105309
550.708,1,104593
552.830,1,104624
554.951,1,104245
557.072,1,104573
559.193,1,103954
561.313,1,103949
563.432,1,103469
565.551,1,103251
567.669,1,102981
569.787,1,103066
571.904,1,103079
574.021,1,102702
576.137,1,102533
578.253,1,102347
580.368,1,102189
582.482,1,102206
584.596,1,101968
586.710,1,101672
588.823,1,101115
590.936,1,101154
593.048,1,100739
595.159,1,100017
597.270,1,99939
599.381,1,99709
601.491,1,99226
603.600,1,99641
605.709,1,99254
607.817,1,99125
609.925,1,98763
612.033,1,98631
614.139,1,98597
616.246,1,98161
618.351,1,97743
620.457,1,97593
622.562,1,97631
624.666,1,97219
626.769,1,97251
628.873,1,97385
630.975,1,97518
633.078,1,97229
635.179,1,97374
637.280,1,97280
639.381,1,97141
641.481,1,97303
643.581,1,97107
645.680,1,97660
647.778,1,97387
649.876,1,97410
651.974,1,97587
654.071,1,97489
656.167,1,97604
658.263,1,97766
660.359,1,97991
662.454,1,98032
664.548,1,98100
666.642,1,98324
668.736,1,98168
670.829,1,98569
672.921,1,98473
675.013,1,98921
677.104,1,98771
679.195,1,99432
681.285,1,98967
683.375,1,99537
685.465,1,99482
687.553,1,99532
689.642,1,99850
691.730,1,99762
693.817,1,100109
695.904,1,100374
697.990,1,100436
700.076,1,100550
702.161,1,100883
704.245,1,101147
706.330,1,100987
708.413,1,101275
710.497,1,101313
712.579,1,101730
714.661,1,101620
716.743,1,101542
718.824,1,101641
720.905,1,101630
722.985,1,102082
725.065,1,102146
727.144,1,102470
729.222,1,102599
731.300,1,102720
733.378,1,103212
735.455,1,103021
737.532,1,102820
739.608,1,103177
741.683,1,103799
743.758,1,104030
745.833,1,104568
747.907,1,104827
749.981,1,104749
752.054,1,105144
754.126,1,105022
756.198,1,105843
758.270,1,106108
760.341,1,106442
762.411,1,106962
764.481,1,107234
766.551,1,107690
768.620,1,108069
770.688,1,108662
772.756,1,108897
774.824,1,109517
776.891,1,109856
778.957,1,110909
781.023,1,111527
783.089,1,112522
785.153,1,113352
787.218,1,114744
789.282,1,115882
791.345,1,117398
793.408,1,119243
795.471,1,120959
797.533,1,122374
799.594,1,124578
801.655,1,127119
803.716,1,128889
805.775,1,130464
807.835,1,132607
809.894,1,134288
811.952,1,135853
814.010,1,137153
816.068,1,137830
818.125,1,138993
820.181,1,139261
822.237,1,139977
824.292,1,140694
826.347,1,141093
828.402,1,142086
830.456,1,142569
832.509,1,143954
834.562,1,144971
836.615,1,146649
838.667,1,147394
840.718,1,149506
842.769,1,150750
844.819,1,152073
846.869,1,153464
848.919,1,155378
850.968,1,157090
853.016,1,158214
855.064,1,159353
857.112,1,159902
859.159,1,159531
861.205,1,157574
863.251,1,154457
865.297,1,150076
867.342,1,144754
869.386,1,139884
871.430,1,136399
873.473,1,133734
875.516,1,132360
877.559,1,131982
879.601,1,131105
881.643,1,131620
883.684,1,131433
885.724,1,131639
887.764,1,131285
889.804,1,131421
891.843,1,131288
893.881,1,131294
895.919,1,130677
897.957,1,130399
899.994,1,130057
902.031,1,129886
904.067,1,129329
906.102,1,129337
908.137,1,129095
910.172,1,128945
912.206,1,128959
914.240,1,129436
916.273,1,129422
918.306,1,129785
920.338,1,130256
922.369,1,130566
924.401,1,130447
926.431,1,130389
928.461,1,130472
930.491,1,130557
932.520,1,130721
934.549,1,130786
936.577,1,130606
938.605,1,130928
940.632,1,131028
942.659,1,131139
944.685,1,131114
946.711,1,131507
948.736,1,131844
950.761,1,131313
952.786,1,131513
954.809,1,131620
956.833,1,131768
958.856,1,131070
960.878,1,131335
962.900,1,130905
964.921,1,131257
966.942,1,131702
968.963,1,131553
970.982,1,131871
973.002,1,132205
975.021,1,132524
977.039,1,133198
979.057,1,133781
981.075,1,134942
983.092,1,135108
985.108,1,136816
987.124,1,138207
989.140,1,139866
991.155,1,141946
993.170,1,143843
995.184,1,145209
997.197,1,146359
999.211,1,145586
1001.223,1,144791
1003.235,1,144057
1005.247,1,143596
1007.258,1,142868
1009.269,1,142660
1011.279,1,142874
1013.289,1,143283
1015.298,1,144140
1017.307,1,144146
1019.315,1,145393
1021.323,1,146219
1023.330,1,147433
1025.337,1,148404
1027.344,1,149855
1029.350,1,151129
1031.355,1,152500
1033.360,1,153541
1035.364,1,155544
1037.368,1,156609
1039.372,1,158022
1041.375,1,159406
1043.377,1,160939
1045.379,1,161835
1047.381,1,162347
1049.382,1,162650
1051.383,1,163155
1053.383,1,162881
1055.382,1,163354
1057.382,1,163644
1059.380,1,164545
1061.378,1,165984
1063.376,1,167638
1065.373,1,168545
1067.370,1,170156
1069.366,1,170573
1071.362,1,171207
1073.358,1,170887
1075.352,1,171325
1077.347,1,170506
1079.341,1,170580
1081.334,1,171129
1083.327,1,170989
1085.320,1,170629
1087.312,1,170283
1089.303,1,170313
1091.294,1,170047
1093.285,1,169913
1095.275,1,169957
1097.264,1,169783
1099.254,1,169695
1101.242,1,170690
1103.230,1,170877
1105.218,1,171872
1107.205,1,172615
1109.192,1,173024
1111.178,1,173773
1113.164,1,175118
1115.150,1,176505
1117.134,1,177208
1119.119,1,178384
1121.103,1,179543
1123.086,1,180726
1125.069,1,182639
1127.052,1,183763
1129.034,1,185237
1131.015,1,187814
1132.996,1,189468
1134.977,1,192137
1136.957,1,193802
1138.937,1,195842
1140.916,1,197931
1142.895,1,198324
1144.873,1,199231
1146.851,1,199023
1148.828,1,198695
1150.805,1,197241
1152.781,1,195740
1154.757,1,193396
1156.732,1,191099
1158.707,1,188467
1160.682,1,187018
1162.656,1,185126
1164.629,1,183456
1166.602,1,182020
1168.575,1,181093
1170.547,1,180975
1172.519,1,181036
1174.490,1,180936
1176.461,1,181108
1178.431,1,180369
1180.401,1,180926
1182.370,1,181171
1184.339,1,181368
1186.307,1,181832
1188.275,1,182875
1190.243,1,182776
1192.210,1,182851
1194.176,1,183574
1196.142,1,183965
1198.108,1,184106
1200.073,1,185687
1202.037,1,186112
1204.002,1,185890
1205.965,1,186751
1207.928,1,186636
1209.891,1,187250
1211.854,1,187171
1213.815,1,187936
1215.777,1,189119
1217.738,1,189432
1219.698,1,189905
1221.658,1,190205
1223.618,1,190604
1225.577,1,191902
1227.535,1,192374
1229.493,1,193603
1231.451,1,194045
1233.408,1,195473
1235.365,1,197441
1237.321,1,199995
1239.277,1,202788
1241.232,1,205970
1243.187,1,209047
1245.141,1,211089
1247.095,1,211686
1249.049,1,212445
1251.002,1,212717
1252.954,1,213310
1254.906,1,213722
1256.858,1,214335
1258.809,1,214109
1260.760,1,214320
1262.710,1,214914
1264.660,1,214464
1266.609,1,214876
1268.558,1,214146
1270.507,1,214141
1272.454,1,215003
1274.402,1,215504
1276.349,1,218306
1278.295,1,221129
1280.242,1,224929
1282.187,1,229544
1284.132,1,232716
1286.077,1,236254
1288.021,1,238625
1289.965,1,239340
1291.908,1,239589
1293.851,1,238933
1295.794,1,237215
1297.736,1,236727
1299.677,1,235148
1301.618,1,233170
1303.559,1,233264
1305.499,1,232210
1307.438,1,230643
1309.378,1,229920
1311.316,1,228182
1313.255,1,225301
1315.193,1,223528
1317.130,1,220615
1319.067,1,218711
1321.003,1,216616
1322.939,1,215474
1324.875,1,214572
1326.810,1,213325
1328.745,1,211869
1330.679,1,210635
1332.612,1,210770
1334.546,1,210448
1336.478,1,209976
1338.411,1,209963
1340.343,1,209496
1342.274,1,209327
1344.205,1,209266
1346.136,1,209401
1348.066,1,209395
1349.995,1,209929
1351.924,1,210324
1353.853,1,210638
1355.781,1,210564
1357.709,1,210979
1359.637,1,211532
1361.563,1,211571
1363.490,1,211925
1365.416,1,211424
1367.341,1,211817
1369.267,1,212564
1371.191,1,213505
1373.115,1,213315
1375.039,1,213572
1376.962,1,213412
1378.885,1,214676
1380.808,1,214489
1382.729,1,215085
1384.651,1,215572
1386.572,1,216191
1388.492,1,216937
1390.413,1,217366
1392.332,1,217072
1394.251,1,217895
1396.170,1,218936
1398.088,1,219534
1400.006,1,220637
1401.924,1,220532
1403.841,1,221310
1405.757,1,222096
1407.673,1,222639
1409.589,1,223043
1411.504,1,223920
1413.419,1,224373
1415.333,1,225055
1417.247,1,225440
1419.160,1,226163
1421.073,1,227030
1422.985,1,227379
1424.897,1,227918
1426.809,1,228224
1428.720,1,228854
1430.631,1,229918
1432.541,1,230084
1434.451,1,230526
1436.360,1,232281
1438.269,1,147398
1440.177,1,233686
1442.085,1,235954
1443.993,1,237812
1445.900,1,241774
1447.807,1,245761
1449.713,1,249886
1451.619,1,253030
1453.524,1,255563
1455.429,1,256353
1457.333,1,255841
1459.237,1,256282
1461.141,1,255896
1463.044,1,257147
1464.946,1,256567
1466.849,1,257638
1468.750,1,259589
1470.652,1,263356
1472.552,1,266866
1474.453,1,271174
1476.353,1,275723
1478.252,1,281053
1480.151,1,282061
1482.050,1,277479
1483.948,1,268450
1485.846,1,259974
1487.743,1,254397
1489.640,1,247817
1491.537,1,243679
1493.432,1,239960
1495.328,1,237116
1497.223,1,236051
1499.118,1,233677
1501.012,1,233030
1502.906,1,232654
1504.799,1,232376
1506.692,1,231437
1508.584,1,231255
1510.476,1,230237
1512.368,1,231045
1514.259,1,230571
1516.150,1,230601
1518.040,1,230762
1519.930,1,229101
1521.819,1,229629
1523.708,1,229495
1525.596,1,229728
1527.484,1,229432
1529.372,1,229148
1531.259,1,229561
1533.146,1,229046
1535.032,1,229218
1536.918,1,228843
1538.803,1,228935
1540.688,1,228817
1542.573,1,228427
1544.457,1,228712
1546.340,1,228233
1548.224,1,228402
1550.106,1,227818
1551.989,1,228341
1553.871,1,228682
1555.752,1,228341
1557.633,1,228170
1559.514,1,227839
1561.394,1,227972
1563.273,1,228247
1565.153,1,227706
1567.032,1,228079
1568.910,1,228385
1570.788,1,228142
1572.665,1,228058
1574.542,1,229015
1576.419,1,228893
1578.295,1,228817
1580.171,1,228980
1582.046,1,228753
1583.921,1,228981
1585.796,1,228370
1587.670,1,228891
1589.543,1,229059
1591.416,1,230057
1593.289,1,229922
1595.161,1,229541
1597.033,1,230427
1598.905,1,229779
1600.776,1,230113
1602.646,1,230110
1604.516,1,230872
1606.386,1,230728
1608.255,1,230501
1610.124,1,230702
1611.993,1,231310
1613.860,1,230594
1615.728,1,231559
1617.595,1,231650
1619.462,1,231240
1621.328,1,231744
1623.194,1,231638
1625.059,1,232001
1626.924,1,231624
1628.788,1,231371
1630.653,1,231376
1632.516,1,231281
1634.379,1,231202
1636.242,1,231196
1638.104,1,231146
1639.966,1,230874
1641.828,1,230575
1643.689,1,230479
1645.549,1,230561
1647.410,1,229483
1649.269,1,229449
1651.129,1,228107
1652.988,1,228490
1654.846,1,227726
1656.704,1,227112
1658.562,1,226460
1660.419,1,226402
1662.276,1,225762
1664.132,1,225975
1665.988,1,225032
1667.843,1,223824
1669.698,1,223193
1671.553,1,223046
1673.407,1,221779
1675.261,1,221216
1677.114,1,219763
1678.967,1,219734
1680.819,1,218856
1682.671,1,218357
1684.523,1,217609
1686.374,1,217251
1688.225,1,215705
1690.075,1,215663
1691.925,1,215493
1693.775,1,214506
1695.624,1,213933
1697.472,1,212974
1699.320,1,212840
1701.168,1,212086
1703.015,1,211232
1704.862,1,210720
1706.709,1,209680
1708.555,1,209969
1710.401,1,208607
1712.246,1,207861
1714.091,1,207768
1715.935,1,207381
1717.779,1,206115
1719.622,1,206330
1721.465,1,205984
1723.308,1,206280
1725.150,1,204832
1726.992,1,204314
1728.833,1,204937
1730.674,1,204058
1732.515,1,203849
1734.355,1,203260
1736.195,1,202967
1738.034,1,202582
1739.873,1,202743
1741.711,1,202089
1743.549,1,201645
1745.387,1,201205
1747.224,1,201054
1749.061,1,200658
1750.897,1,200726
1752.733,1,200104
1754.568,1,199713
1756.403,1,199019
1758.238,1,199092
1760.072,1,198429
1761.906,1,198382
1763.739,1,198092
1765.572,1,197311
1767.405,1,197387
1769.237,1,197173
1771.069,1,196797
1772.900,1,196716
1774.731,1,196236
1776.561,1,196692
1778.391,1,196197
1780.221,1,195734
1782.050,1,195478
1783.879,1,195130
1785.707,1,194593
1787.535,1,194602
1789.362,1,194222
1791.189,1,194310
1793.016,1,193531
1794.842,1,193531
1796.668,1,192947
1798.493,1,192750
1800.318,1,192339
1802.143,1,192087
1803.967,1,191687
1805.791,1,191670
1807.614,1,191345
1809.437,1,191061
1811.259,1,191230
1813.081,1,190206
1814.903,1,190329
1816.724,1,189358
1818.545,1,189370
1820.365,1,189400
1822.185,1,189135
1824.005,1,188275
1825.824,1,188337
1827.643,1,187607
1829.461,1,187372
1831.279,1,187717
1833.096,1,186488
1834.913,1,186382
1836.730,1,185957
1838.546,1,185733
1840.362,1,185115
1842.177,1,184376
1843.992,1,184012
1845.807,1,183977
1847.621,1,183498
1849.435,1,182949
1851.248,1,182738
1853.061,1,182052
1854.873,1,180888
1856.686,1,180895
1858.497,1,180354
1860.308,1,179876
1862.119,1,178995
1863.930,1,179399
1865.740,1,178550
1867.549,1,178091
1869.358,1,177814
1871.167,1,177944
1872.976,1,177065
1874.783,1,176553
1876.591,1,176794
1878.398,1,176590
1880.205,1,175927
1882.011,1,175781
1883.817,1,175606
1885.622,1,175532
1887.427,1,174889
1889.232,1,175257
1891.036,1,175397
1892.840,1,174998
1894.644,1,174415
1896.447,1,175445
1898.249,1,175106
1900.051,1,175231
1901.853,1,175832
1903.654,1,176127
1905.455,1,175859
1907.256,1,176034
1909.056,1,176758
1910.856,1,176753
1912.655,1,177160
1914.454,1,178333
1916.252,1,177662
1918.051,1,177934
1919.848,1,178858
1921.646,1,179696
1923.442,1,179753
1925.239,1,179832
1927.035,1,180919
1928.830,1,181216
1930.626,1,181614
1932.420,1,182511
1934.215,1,182229
1936.009,1,182559
1937.802,1,183123
1939.596,1,183378
1941.388,1,183312
1943.181,1,183996
1944.973,1,184687
1946.764,1,184584
1948.555,1,184556
1950.346,1,184568
1952.137,1,184838
1953.926,1,185007
1955.716,1,185135
1957.505,1,185395
1959.294,1,185399
1961.082,1,185566
1962.870,1,185874
1964.657,1,185837
1966.445,1,185093
1968.231,1,185152
1970.018,1,184988
1971.803,1,184977
1973.589,1,185534
1975.374,1,185223
1977.159,1,185094
1978.943,1,184731
1980.727,1,185378
1982.510,1,184407
1984.293,1,184643
1986.076,1,184624
1987.858,1,184682
1989.640,1,184438
1991.421,1,184719
1993.202,1,184299
1994.983,1,184045
1996.763,1,183848
1998.543,1,183913
2000.322,1,183441
2002.101,1,183411
2003.880,1,183071
2005.658,1,182832
2007.436,1,183135
2009.213,1,182675
2010.990,1,182311
2012.767,1,182471
2014.543,1,182006
2016.319,1,181795
2018.094,1,181533
2019.869,1,181654
2021.644,1,181463
2023.418,1,181068
2025.192,1,180534
2026.965,1,180473
2028.738,1,179812
2030.511,1,179765
2032.283,1,179958
2034.055,1,179341
2035.826,1,179213
2037.597,1,178952
2039.368,1,178040
2041.138,1,178222
2042.908,1,178229
2044.677,1,177820
2046.446,1,177543
2048.215,1,177535
2049.983,1,176830
2051.751,1,176624
2053.518,1,176214
2055.285,1,175912
2057.052,1,176078
2058.818,1,175846
2060.584,1,175332
2062.349,1,175549
2064.114,1,174777
2065.879,1,174782
2067.643,1,174400
2069.407,1,174245
2071.170,1,174120
2072.933,1,174351
2074.696,1,173058
2076.458,1,173287
2078.220,1,174004
2079.981,1,172663
2081.742,1,172951
2083.503,1,172173
2085.263,1,172058
2087.023,1,172029
2088.782,1,171627
2090.541,1,171269
2092.300,1,171076
2094.058,1,170865
2095.816,1,170434
2097.574,1,170227
2099.331,1,170321
2101.087,1,169835
2102.844,1,169957
2104.599,1,169577
2106.355,1,169365
2108.110,1,169259
2109.865,1,168816
2111.619,1,168240
2113.373,1,168596
2115.126,1,168171
2116.880,1,168162
2118.632,1,167351
2120.385,1,167434
2122.137,1,166852
2123.888,1,167012
2125.639,1,166699
2127.390,1,166284
2129.140,1,166559
2130.890,1,165665
2132.640,1,165849
2134.389,1,165782
2136.138,1,165346
2137.886,1,165258
2139.634,1,164625
2141.382,1,164657
2143.129,1,164379
2144.876,1,164076
2146.623,1,163493
2148.369,1,164283
2150.114,1,163575
2151.860,1,163353
2153.604,1,163068
2155.349,1,162674
2157.093,1,163059
2158.837,1,162717
2160.580,1,161951
2162.323,1,161595
2164.065,1,161819
2165.808,1,161585
2167.549,1,161252
2169.291,1,161262
2171.032,1,160375
2172.772,1,160018
2174.513,1,159945
2176.252,1,159930
2177.992,1,159775
2179.731,1,159391
2181.469,1,159228
2183.208,1,158717
2184.946,1,158913
2186.683,1,158595
2188.420,1,158488
2190.157,1,158010
2191.893,1,157873
2193.629,1,158060
2195.365,1,157159
2197.100,1,156833
2198.834,1,156633
2200.569,1,156826
2202.303,1,156276
2204.036,1,156065
2205.770,1,156206
2207.502,1,155504
2209.235,1,156006
2210.967,1,155208
2212.699,1,154540
2214.430,1,154966
2216.161,1,154459
2217.891,1,154206
2219.621,1,154311
2221.351,1,153878
2223.080,1,153508
2224.809,1,153834
2226.538,1,152783
2228.266,1,153039
2229.994,1,152072
2231.721,1,152188
2233.448,1,152275
2235.175,1,151507
2236.901,1,151504
2238.627,1,151408
2240.353,1,151378
2242.078,1,151293
2243.802,1,151100
2245.527,1,150601
2247.251,1,150569
2248.974,1,149944
2250.697,1,149959
2252.420,1,149658
2254.143,1,149306
2255.865,1,149472
2257.586,1,149323
2259.308,1,148809
2261.028,1,148579
2262.749,1,148369
2264.469,1,148405
2266.189,1,148022
2267.908,1,147374
2269.627,1,147668
2271.346,1,147574
2273.064,1,147551
2274.782,1,146657
2276.499,1,146541
2278.216,1,146270
2279.933,1,146305
2281.649,1,146026
2283.365,1,145837
2285.081,1,145637
2286.796,1,145205
2288.511,1,145372
2290.225,1,144761
2291.939,1,144264
2293.653,1,144001
2295.366,1,144234
2297.079,1,143795
2298.791,1,143477
2300.503,1,143506
2302.215,1,142985
2303.926,1,142252
2305.637,1,142356
2307.348,1,142157
2309.058,1,141645
2310.768,1,141557
2312.477,1,141721
2314.186,1,141460
2315.895,1,140843
2317.603,1,140603
2319.311,1,140262
2321.019,1,139737
2322.726,1,140104
2324.433,1,139295
2326.139,1,139319
2327.845,1,139085
2329.551,1,138709
2331.256,1,138339
2332.961,1,138281
2334.666,1,138093
2336.370,1,137889
2338.074,1,137576
2339.777,1,136787
2341.480,1,137304
2343.183,1,136670
2344.885,1,136543
2346.587,1,136411
2348.288,1,135693
2349.990,1,135597
2351.690,1,136168
2353.391,1,135040
2355.091,1,135208
2356.790,1,134988
2358.490,1,134236
2360.188,1,134250
2361.887,1,134140
2363.585,1,134358
2365.283,1,133862
2366.980,1,133592
2368.677,1,133559
2370.374,1,133181
2372.070,1,132951
2373.766,1,133130
2375.461,1,132474
2377.157,1,132719
2378.851,1,132379
2380.546,1,132499
2382.240,1,131905
2383.933,1,131920
2385.627,1,131639
2387.319,1,131536
2389.012,1,131264
2390.704,1,130958
2392.396,1,131020
2394.087,1,131072
2395.778,1,130775
2397.469,1,130487
2399.159,1,130665
2400.849,1,130534
2402.538,1,130150
2404.228,1,130379
2405.916,1,130050
2407.605,1,130293
2409.293,1,130311
2410.981,1,129602
2412.668,1,130015
2414.355,1,129686
2416.041,1,129881
2417.727,1,130083
2419.413,1,129721
2421.099,1,129515
2422.784,1,129707
2424.468,1,129553
2426.153,1,129444
2427.837,1,128829
2429.520,1,129037
2431.203,1,129162
2432.886,1,128750
2434.569,1,128743
2436.251,1,128694
2437.932,1,128441
2439.614,1,128285
2441.295,1,129003
2442.975,1,128472
2444.656,1,128466
2446.336,1,128556
2448.015,1,128179
2449.694,1,128136
2451.373,1,128042
2453.051,1,128060
2454.729,1,128384
2456.407,1,128091
2458.084,1,128550
2459.761,1,127775
2461.438,1,127839
2463.114,1,127922
2464.790,1,127990
2466.465,1,128218
2468.140,1,128036
2469.815,1,128379
2471.489,1,128202
2473.163,1,128525
2474.837,1,128419
2476.510,1,128043
2478.183,1,128839
2479.856,1,128169
2481.528,1,128641
2483.199,1,128119
2484.871,1,128190
2486.542,1,128366
2488.213,1,128101
2489.883,1,128152
2491.553,1,127648
2493.222,1,127814
2494.892,1,128308
2496.560,1,127698
2498.229,1,127556
2499.897,1,127765
2501.565,1,127829
2503.232,1,127805
2504.899,1,127393
2506.566,1,127411
2508.232,1,127832
2509.898,1,127672
2511.563,1,127883
2513.229,1,127628
2514.893,1,128523
2516.558,1,128194
2518.222,1,127532
2519.886,1,127514
2521.549,1,127645
2523.212,1,127918
2524.875,1,127671
2526.537,1,127626
2528.199,1,127319
2529.860,1,127314
2531.522,1,127258
2533.182,1,127221
2534.843,1,126786
2536.503,1,126928
2538.163,1,127206
2539.822,1,126756
2541.481,1,126783
2543.140,1,126799
2544.798,1,126747
2546.456,1,126962
2548.113,1,127051
2549.771,1,127339
2551.427,1,126725
2553.084,1,126791
2554.740,1,127158
2556.396,1,126578
2558.051,1,126848
2559.706,1,126600
2561.361,1,126787
2563.015,1,126761
2564.669,1,126863
2566.323,1,126511
2567.976,1,126737
2569.629,1,126556
2571.281,1,126905
2572.933,1,126712
2574.585,1,126702
2576.237,1,126506
2577.888,1,126425
2579.538,1,126367
2581.189,1,126665
2582.839,1,126592
2584.488,1,126250
2586.137,1,126416
2587.786,1,126350
2589.435,1,126369
2591.083,1,125952
2592.731,1,125955
2594.378,1,125767
2596.025,1,125522
2597.672,1,125431
2599.319,1,124982
2600.965,1,124830
2602.610,1,125117
2604.256,1,124844
2605.900,1,124412
2607.545,1,124592
2609.189,1,124891
2610.833,1,124312
2612.477,1,124705
2614.120,1,123883
2615.763,1,124125
2617.405,1,124208
2619.047,1,123589
2620.689,1,123689
2622.330,1,123669
2623.971,1,123643
2625.612,1,123474
2627.252,1,123210
2628.892,1,123255
2630.532,1,122939
2632.171,1,123178
2633.810,1,122949
2635.448,1,122915
2637.087,1,122581
2638.724,1,122558
2640.362,1,122735
2641.999,1,122929
2643.636,1,122862
2645.272,1,122564
2646.908,1,122777
2648.544,1,122811
2650.179,1,122970
2651.814,1,123243
2653.449,1,123355
2655.083,1,122862
2656.717,1,123329
2658.350,1,123518
2659.983,1,123357
2661.616,1,123880
2663.249,1,123785
2664.881,1,123714
2666.513,1,123900
2668.144,1,124123
2669.775,1,123765
2671.406,1,124318
2673.036,1,124323
2674.666,1,124237
2676.296,1,124565
2677.925,1,124571
2679.554,1,124943
2681.183,1,125487
2682.811,1,125421
2684.439,1,126128
2686.066,1,126789
2687.694,1,127848
2689.320,1,128615
2690.947,1,130375
2692.573,1,131274
2694.199,1,132664
2695.824,1,133629
2697.449,1,134372
2699.074,1,134861
2700.698,1,134891
2702.322,1,135119
2703.946,1,135346
2705.569,1,135639
2707.192,1,135664
2708.815,1,136125
2710.437,1,135376
2712.059,1,136020
2713.681,1,135834
2715.302,1,135817
2716.923,1,136202
2718.543,1,137197
2720.163,1,136568
2721.783,1,137098
2723.403,1,137567
2725.022,1,137908
2726.641,1,138133
2728.259,1,138538
2729.877,1,138659
2731.495,1,138550
2733.112,1,139003
2734.729,1,139295
2736.346,1,140300
2737.962,1,140751
2739.578,1,141141
2741.194,1,141945
2742.809,1,142292
2744.424,1,142110
2746.039,1,142459
2747.653,1,143714
2749.267,1,143757
2750.880,1,144353
2752.493,1,144619
2754.106,1,145634
2755.719,1,145843
2757.331,1,146386
2758.943,1,146800
2760.554,1,147887
2762.165,1,148309
2763.776,1,149007
2765.386,1,149227
2766.996,1,149040
2768.606,1,150542
2770.215,1,150500
2771.824,1,150899
2773.433,1,151998
2775.041,1,152387
2776.649,1,152684
2778.257,1,153573
2779.864,1,154005
2781.471,1,155100
2783.078,1,155909
2784.684,1,156130
2786.290,1,157106
2787.895,1,158348
2789.501,1,159259
2791.106,1,160315
2792.710,1,161364
2794.314,1,162453
2795.918,1,164012
