184.081,1,636204
186.293,1,626265
188.506,1,617536
190.717,1,609483
192.928,1,600974
195.138,1,592691
197.348,1,583843
199.557,1,575204
201.766,1,565912
203.974,1,556854
206.182,1,546227
208.389,1,537484
210.595,1,528052
212.801,1,519293
215.007,1,508231
217.211,1,500449
219.416,1,490929
221.619,1,481823
223.823,1,473995
226.025,1,465658
228.227,1,457325
230.429,1,449756
232.630,1,442832
234.830,1,435936
237.030,1,430577
239.229,1,423107
241.428,1,417726
243.626,1,413029
245.824,1,407658
248.021,1,401300
250.217,1,397357
252.413,1,393989
254.609,1,389757
256.804,1,385267
258.998,1,382197
261.192,1,378074
263.385,1,374908
265.578,1,371815
267.770,1,368504
269.961,1,364984
272.152,1,362438
274.343,1,358320
276.533,1,354176
278.722,1,351612
280.911,1,346800
283.099,1,342898
285.287,1,337906
287.474,1,332198
289.661,1,327955
291.847,1,322925
294.032,1,318525
296.217,1,311706
298.402,1,307484
300.586,1,301329
302.769,1,295871
304.952,1,291014
307.134,1,286657
309.316,1,282157
311.497,1,277360
313.677,1,272442
315.857,1,268599
318.037,1,264515
320.216,1,261177
322.394,1,258166
324.572,1,255598
326.750,1,253279
328.926,1,251132
331.103,1,248005
333.278,1,246789
335.454,1,245752
337.628,1,244118
339.802,1,242090
341.976,1,241386
344.149,1,240276
346.321,1,239148
348.493,1,238085
350.665,1,238351
352.835,1,236693
355.006,1,236195
357.175,1,234742
359.345,1,233551
361.513,1,232549
363.681,1,231896
365.849,1,230974
368.016,1,230431
370.182,1,229549
372.348,1,228278
374.514,1,228192
376.679,1,227678
378.843,1,227220
381.007,1,227385
383.170,1,227079
385.333,1,226640
387.495,1,226520
389.657,1,227312
391.818,1,226951
393.978,1,227045
396.138,1,226511
398.298,1,226278
400.457,1,226597
402.615,1,225824
404.773,1,225654
406.930,1,225616
409.087,1,225469
411.244,1,225036
413.399,1,225057
415.554,1,225385
417.709,1,224711
419.863,1,224945
422.017,1,224449
424.170,1,224163
426.322,1,224115
428.474,1,223659
430.626,1,223477
432.777,1,222706
434.927,1,221972
437.077,1,222163
439.226,1,221855
441.375,1,221059
443.523,1,220099
445.671,1,220323
447.818,1,219747
449.965,1,219478
452.111,1,218433
454.257,1,218218
456.402,1,217835
458.546,1,216798
460.690,1,216258
462.834,1,215316
464.976,1,215665
467.119,1,214972
469.261,1,214364
471.402,1,214577
473.543,1,214157
475.683,1,214043
477.823,1,213692
479.962,1,213302
482.101,1,214807
484.239,1,214265
486.376,1,214340
488.513,1,214571
490.650,1,215345
492.786,1,215632
494.922,1,216648
497.057,1,216683
499.191,1,218010
501.325,1,219703
503.458,1,220277
505.591,1,221841
507.723,1,223948
509.855,1,224647
511.987,1,226456
514.117,1,226188
516.247,1,225456
518.377,1,225398
520.506,1,225661
522.635,1,225841
524.763,1,226193
526.891,1,226804
529.018,1,226674
531.144,1,226135
533.270,1,225948
535.396,1,225716
537.521,1,225389
539.645,1,225197
541.769,1,224510
543.892,1,224202
546.015,1,223722
548.138,1,222820
550.259,1,222227
552.381,1,222626
554.502,1,221705
556.622,1,221714
558.741,1,221239
560.861,1,220681
562.979,1,221108
565.097,1,220949
567.215,1,220188
569.332,1,220418
571.449,1,219969
573.565,1,219979
575.680,1,218799
577.795,1,218021
579.910,1,216831
582.024,1,215634
584.137,1,213070
586.250,1,211383
588.363,1,209229
590.475,1,207499
592.586,1,206386
594.697,1,204814
596.807,1,204074
598.917,1,202823
601.026,1,200763
603.135,1,200447
605.243,1,198974
607.351,1,197159
609.458,1,196428
611.565,1,195364
613.671,1,193822
615.777,1,192889
617.882,1,192401
619.987,1,191625
622.091,1,190924
624.194,1,190351
626.297,1,190187
628.400,1,189110
630.502,1,188873
632.604,1,188667
634.705,1,188246
636.805,1,188290
638.905,1,187704
641.005,1,187832
643.104,1,187715
645.202,1,186948
647.300,1,186791
649.397,1,187201
651.494,1,187302
653.591,1,187508
655.686,1,187674
657.782,1,187546
659.877,1,187411
661.971,1,187458
664.065,1,187317
666.158,1,187356
668.251,1,187256
670.343,1,187231
672.435,1,187248
674.526,1,186530
676.617,1,186633
678.707,1,186472
680.797,1,186278
682.886,1,186471
684.975,1,186498
687.063,1,186354
689.151,1,186247
691.238,1,185175
693.324,1,185927
695.410,1,185512
697.496,1,184932
699.581,1,184642
701.666,1,184644
703.750,1,184716
705.833,1,184587
707.917,1,184147
709.999,1,183901
712.081,1,184207
714.163,1,183817
716.244,1,183354
718.324,1,183509
720.404,1,182460
722.484,1,182632
724.563,1,182605
726.641,1,182387
728.719,1,182099
730.797,1,182090
732.874,1,180961
734.950,1,181641
737.026,1,181160
739.102,1,181199
741.177,1,181584
743.251,1,180748
745.325,1,180606
747.398,1,181050
749.471,1,180766
751.544,1,181121
753.616,1,181359
755.687,1,181614
757.758,1,181294
759.828,1,181630
761.898,1,182451
763.968,1,182417
766.036,1,183671
768.105,1,184756
770.173,1,185755
772.240,1,188579
774.307,1,190704
776.373,1,193525
778.439,1,197172
780.504,1,201994
782.569,1,207065
784.634,1,213320
786.697,1,220350
788.761,1,227441
790.824,1,235507
792.886,1,243546
794.948,1,251938
797.009,1,259875
799.070,1,268767
801.130,1,276766
803.190,1,283944
805.249,1,289371
807.308,1,293763
809.367,1,297773
811.424,1,299786
813.482,1,303176
815.539,1,305403
817.595,1,307371
819.651,1,311632
821.706,1,314547
823.761,1,319620
825.815,1,324539
827.869,1,330430
829.922,1,336804
831.975,1,343791
834.028,1,351028
836.079,1,358117
838.131,1,365570
840.182,1,374002
842.232,1,381073
844.282,1,388385
846.331,1,394498
848.380,1,398526
850.428,1,399041
852.476,1,394176
854.524,1,381637
856.570,1,360717
858.617,1,334652
860.663,1,306371
862.708,1,280329
864.753,1,262861
866.797,1,249120
868.841,1,241673
870.885,1,237636
872.928,1,235862
874.970,1,234581
877.012,1,233916
879.053,1,232502
881.094,1,230448
883.135,1,229161
885.175,1,225970
887.214,1,223693
889.253,1,219639
891.291,1,217181
893.329,1,213320
895.367,1,209921
897.404,1,206370
899.440,1,202718
901.476,1,200902
903.512,1,199070
905.547,1,198041
907.581,1,198120
909.615,1,198919
911.649,1,198660
913.682,1,199320
915.714,1,198505
917.746,1,196907
919.778,1,195627
921.809,1,194230
923.840,1,192097
925.870,1,190985
927.899,1,189162
929.928,1,187270
931.957,1,186679
933.985,1,185441
936.013,1,184199
938.040,1,182733
940.067,1,182086
942.093,1,180532
944.119,1,179314
946.144,1,178031
948.168,1,176674
950.193,1,174598
952.216,1,172630
954.240,1,171120
956.262,1,169232
958.285,1,167444
960.306,1,166385
962.328,1,165438
964.349,1,164717
966.369,1,164707
968.389,1,164730
970.408,1,165520
972.427,1,166976
974.445,1,168310
976.463,1,171256
978.481,1,173817
980.498,1,179024
982.514,1,183862
984.530,1,189500
986.545,1,194494
988.560,1,197434
990.575,1,197862
992.589,1,195388
994.602,1,190872
996.615,1,185755
998.628,1,182071
1000.640,1,179939
1002.652,1,178360
1004.663,1,178147
1006.673,1,177787
1008.684,1,179363
1010.693,1,181290
1012.702,1,183571
1014.711,1,186652
1016.719,1,189713
1018.727,1,193087
1020.734,1,197198
1022.741,1,201735
1024.747,1,206373
1026.753,1,211269
1028.758,1,216915
1030.763,1,221108
1032.768,1,225669
1034.772,1,229858
1036.775,1,233194
1038.778,1,235202
1040.780,1,235177
1042.782,1,234539
1044.784,1,232626
1046.785,1,230451
1048.785,1,229811
1050.785,1,231991
1052.785,1,235067
1054.784,1,239052
1056.782,1,243388
1058.781,1,247508
1060.778,1,250276
1062.775,1,250961
1064.772,1,250517
1066.768,1,249026
1068.764,1,246482
1070.759,1,243657
1072.754,1,241905
1074.748,1,239448
1076.742,1,235989
1078.735,1,233443
1080.728,1,229467
1082.721,1,226005
1084.713,1,222821
1086.704,1,219159
1088.695,1,216956
1090.686,1,215914
1092.676,1,215085
1094.665,1,214965
1096.654,1,214986
1098.643,1,215323
1100.631,1,217542
1102.618,1,219253
1104.606,1,221226
1106.592,1,225066
1108.578,1,227878
1110.564,1,231579
1112.549,1,235582
1114.534,1,240443
1116.519,1,244714
1118.502,1,249856
1120.486,1,255203
1122.469,1,261635
1124.451,1,270650
1126.433,1,278050
1128.414,1,287135
1130.395,1,295516
1132.376,1,301982
1134.356,1,306174
1136.336,1,308504
1138.315,1,308107
1140.293,1,304960
1142.271,1,297574
1144.249,1,286952
1146.226,1,275086
1148.203,1,260715
1150.179,1,245637
1152.155,1,230559
1154.131,1,216959
1156.105,1,205497
1158.080,1,195637
1160.054,1,187372
1162.027,1,181237
1164.000,1,175901
1165.973,1,172448
1167.945,1,169583
1169.916,1,167381
1171.887,1,165690
1173.858,1,164601
1175.828,1,163309
1177.798,1,162770
1179.767,1,162543
1181.736,1,161554
1183.704,1,160483
1185.672,1,160197
1187.639,1,160319
1189.606,1,159687
1191.573,1,159039
1193.539,1,158954
1195.504,1,159340
1197.469,1,159848
1199.434,1,159436
1201.398,1,160287
1203.361,1,159794
1205.325,1,160639
1207.287,1,161275
1209.249,1,161821
1211.211,1,162766
1213.173,1,163773
1215.133,1,164872
1217.094,1,166623
1219.054,1,168593
1221.013,1,170228
1222.972,1,173891
1224.931,1,177921
1226.889,1,183430
1228.846,1,190930
1230.803,1,201959
1232.760,1,216376
1234.716,1,230972
1236.672,1,243832
1238.627,1,252856
1240.582,1,255473
1242.536,1,257230
1244.490,1,257836
1246.443,1,259105
1248.396,1,259719
1250.349,1,259830
1252.301,1,258682
1254.252,1,258127
1256.203,1,258292
1258.154,1,257785
1260.104,1,255666
1262.054,1,253421
1264.003,1,252849
1265.952,1,254079
1267.900,1,260738
1269.848,1,272597
1271.796,1,289431
1273.742,1,308308
1275.689,1,328081
1277.635,1,345052
1279.581,1,358963
1281.526,1,367584
1283.470,1,371438
1285.414,1,370161
1287.358,1,365061
1289.301,1,356377
1291.244,1,347170
1293.187,1,338245
1295.128,1,330919
1297.070,1,324851
1299.011,1,318178
1300.951,1,311149
1302.891,1,302012
1304.831,1,290816
1306.770,1,277799
1308.709,1,264141
1310.647,1,250583
1312.585,1,238452
1314.522,1,227319
1316.459,1,218847
1318.395,1,209823
1320.331,1,202424
1322.267,1,196267
1324.202,1,190505
1326.136,1,185561
1328.070,1,181979
1330.004,1,178764
1331.937,1,176785
1333.870,1,174706
1335.802,1,172629
1337.734,1,172000
1339.665,1,170899
1341.596,1,170428
1343.527,1,170068
1345.457,1,170277
1347.386,1,98802
1349.315,1,169861
1351.244,1,171484
1353.172,1,171369
1355.100,1,171614
1357.027,1,171330
1358.954,1,172084
1360.880,1,172154
1362.806,1,171255
1364.732,1,171525
1366.657,1,171747
1368.581,1,171333
1370.506,1,171760
1372.429,1,171756
1374.352,1,172177
1376.275,1,172356
1378.197,1,173577
1380.119,1,174480
1382.041,1,175478
1383.962,1,177237
1385.882,1,178748
1387.802,1,179602
1389.722,1,181727
1391.641,1,183432
1393.560,1,183809
1395.478,1,184371
1397.396,1,185507
1399.313,1,186100
1401.230,1,186974
1403.146,1,188389
1405.062,1,188966
1406.978,1,189545
1408.893,1,190338
1410.808,1,191359
1412.722,1,191871
1414.636,1,192949
1416.549,1,193689
1418.462,1,194693
1420.374,1,195307
1422.286,1,197087
1424.198,1,199071
1426.109,1,201474
1428.019,1,204089
1429.929,1,207941
1431.839,1,212577
1433.748,1,219144
1435.657,1,228591
1437.566,1,241265
1439.474,1,258966
1441.381,1,278611
1443.288,1,299576
1445.195,1,317405
1447.101,1,327168
1449.006,1,330063
1450.912,1,328865
1452.816,1,327818
1454.721,1,327476
1456.625,1,329331
1458.528,1,331530
1460.431,1,337607
1462.334,1,348979
1464.236,1,364809
1466.138,1,383781
1468.039,1,407368
1469.940,1,433714
1471.840,1,456960
1473.740,1,455378
1475.639,1,425033
1477.538,1,378011
1479.437,1,332930
1481.335,1,296222
1483.233,1,267001
1485.130,1,242854
1487.027,1,224101
1488.923,1,211232
1490.819,1,200824
1492.715,1,193568
1494.610,1,187995
1496.504,1,183506
1498.398,1,180330
1500.292,1,177437
1502.185,1,175608
1504.078,1,173062
1505.971,1,171438
1507.862,1,169753
1509.754,1,168810
1511.645,1,167836
1513.536,1,166721
1515.426,1,165427
1517.316,1,164552
1519.205,1,163736
1521.094,1,162896
1522.982,1,162690
1524.870,1,162411
1526.758,1,161561
1528.645,1,161377
1530.531,1,161812
1532.418,1,160469
1534.303,1,160196
1536.189,1,160418
1538.074,1,159814
1539.958,1,159579
1541.842,1,159962
1543.726,1,160139
1545.609,1,160124
1547.492,1,160211
1549.374,1,160413
1551.256,1,160567
1553.137,1,160365
1555.018,1,160630
1556.898,1,160568
1558.779,1,161532
1560.658,1,161773
1562.537,1,161720
1564.416,1,162499
1566.295,1,162765
1568.172,1,163549
1570.050,1,163425
1571.927,1,164640
1573.804,1,164961
1575.680,1,165462
1577.555,1,166809
1579.431,1,167561
1581.306,1,168703
1583.180,1,169136
1585.054,1,170312
1586.927,1,171051
1588.801,1,172510
1590.673,1,172797
1592.545,1,174608
1594.417,1,175310
1596.289,1,176262
1598.160,1,177775
1600.030,1,178583
1601.900,1,180103
1603.770,1,181382
1605.639,1,182778
1607.508,1,183781
1609.376,1,184942
1611.244,1,186347
1613.111,1,187548
1614.979,1,188769
1616.845,1,189855
1618.711,1,191401
1620.577,1,192729
1622.442,1,193104
1624.307,1,194000
1626.172,1,194843
1628.036,1,195167
1629.899,1,195924
1631.762,1,196217
1633.625,1,196215
1635.487,1,197068
1637.349,1,196109
1639.211,1,196465
1641.072,1,196531
1642.932,1,196233
1644.792,1,194841
1646.652,1,194414
1648.511,1,193617
1650.370,1,193268
1652.229,1,191950
1654.087,1,190991
1655.944,1,189561
1657.801,1,188159
1659.658,1,186950
1661.514,1,185512
1663.370,1,183968
1665.226,1,182583
1667.080,1,180528
1668.935,1,178376
1670.789,1,176802
1672.643,1,175158
1674.496,1,173514
1676.349,1,171506
1678.201,1,169583
1680.053,1,167499
1681.905,1,165889
1683.756,1,163779
1685.607,1,161781
1687.457,1,160481
1689.307,1,159116
1691.156,1,156922
1693.005,1,155281
1694.854,1,153292
1696.702,1,151489
1698.550,1,150209
1700.397,1,148524
1702.244,1,147118
1704.090,1,145708
1705.936,1,144262
1707.782,1,142600
1709.627,1,141455
1711.472,1,139452
1713.316,1,138579
1715.160,1,137583
1717.004,1,136463
1718.847,1,134829
1720.689,1,134106
1722.531,1,132485
1724.373,1,132057
1726.215,1,130700
1728.056,1,129712
1729.896,1,128648
1731.736,1,127817
1733.576,1,126716
1735.415,1,126798
1737.254,1,125122
1739.092,1,124621
1740.930,1,123823
1742.768,1,122886
1744.605,1,121811
1746.442,1,121611
1748.278,1,120753
1750.114,1,120343
1751.949,1,119651
1753.784,1,118607
1755.619,1,118041
1757.453,1,117800
1759.287,1,117269
1761.120,1,116598
1762.953,1,115817
1764.785,1,115567
1766.617,1,114594
1768.449,1,114297
1770.280,1,113652
1772.111,1,113536
1773.941,1,113010
1775.771,1,112338
1777.601,1,111868
1779.430,1,111279
1781.259,1,110919
1783.087,1,110766
1784.915,1,110404
1786.742,1,109584
1788.569,1,109615
1790.396,1,109175
1792.222,1,108756
1794.048,1,109009
1795.873,1,108266
1797.698,1,108320
1799.523,1,107870
1801.347,1,107741
1803.171,1,107609
1804.994,1,108007
1806.817,1,107457
1808.639,1,107497
1810.461,1,107709
1812.283,1,107500
1814.104,1,108039
1815.925,1,107381
1817.745,1,107545
1819.565,1,107483
1821.384,1,107699
1823.203,1,107503
1825.022,1,107662
1826.840,1,107692
1828.658,1,107616
1830.476,1,107562
1832.293,1,107961
1834.109,1,107968
1835.925,1,107961
1837.741,1,107994
1839.557,1,108496
1841.372,1,108438
1843.186,1,108453
1845.000,1,108465
1846.814,1,109008
1848.627,1,108895
1850.440,1,109147
1852.253,1,109628
1854.065,1,108993
1855.876,1,109598
1857.687,1,109435
1859.498,1,109772
1861.309,1,110024
1863.119,1,110222
1864.928,1,109899
1866.737,1,110356
1868.546,1,110458
1870.354,1,110358
1872.162,1,110524
1873.970,1,110559
1875.777,1,110805
1877.584,1,111079
1879.390,1,111007
1881.196,1,111137
1883.001,1,111208
1884.806,1,111666
1886.611,1,111356
1888.415,1,111178
1890.219,1,111959
1892.022,1,111618
1893.825,1,111684
1895.628,1,111685
1897.430,1,111653
1899.232,1,111781
1901.033,1,111885
1902.834,1,111867
1904.634,1,111907
1906.434,1,112148
1908.234,1,112200
1910.033,1,111803
1911.832,1,112399
1913.631,1,112296
1915.429,1,112692
1917.226,1,112568
1919.024,1,112606
1920.821,1,112671
1922.617,1,112321
1924.413,1,112423
1926.209,1,112899
1928.004,1,112825
1929.799,1,112630
1931.593,1,112901
1933.387,1,113157
1935.180,1,113239
1936.974,1,113388
1938.766,1,113640
1940.559,1,113553
1942.351,1,113758
1944.142,1,114045
1945.933,1,113879
1947.724,1,114329
1949.514,1,113762
1951.304,1,114318
1953.094,1,114317
1954.883,1,114677
1956.672,1,114814
1958.460,1,114996
1960.248,1,115029
1962.035,1,115409
1963.822,1,115221
1965.609,1,115685
1967.395,1,115352
1969.181,1,115757
1970.967,1,115620
1972.752,1,116476
1974.536,1,116387
1976.320,1,116402
1978.104,1,116966
1979.888,1,116773
1981.671,1,117232
1983.453,1,117448
1985.236,1,117460
1987.017,1,117993
1988.799,1,118132
1990.580,1,117856
1992.360,1,118515
1994.141,1,118656
1995.920,1,118458
1997.700,1,118686
1999.479,1,119053
2001.257,1,119268
2003.036,1,119649
2004.813,1,119811
2006.591,1,119976
2008.368,1,120010
2010.144,1,120750
2011.920,1,120633
2013.696,1,121035
2015.472,1,121232
2017.247,1,121118
2019.021,1,121659
2020.795,1,122108
2022.569,1,121884
2024.342,1,122319
2026.115,1,122653
2027.888,1,123046
2029.660,1,123395
2031.432,1,123445
2033.203,1,123562
2034.974,1,124203
2036.745,1,124289
2038.515,1,124730
2040.285,1,124955
2042.054,1,125233
2043.823,1,125960
2045.592,1,126037
2047.360,1,126297
2049.128,1,126483
2050.895,1,126567
2052.662,1,127274
2054.429,1,127326
2056.195,1,127342
2057.961,1,127536
2059.726,1,127648
2061.491,1,128058
2063.256,1,128248
2065.020,1,128307
2066.783,1,128493
2068.547,1,128617
2070.310,1,128658
2072.072,1,129127
2073.835,1,129126
2075.597,1,129520
2077.358,1,129759
2079.119,1,129756
2080.880,1,129712
2082.640,1,129789
2084.400,1,130251
2086.159,1,130128
2087.918,1,130123
2089.677,1,130167
2091.435,1,130396
2093.193,1,130592
2094.950,1,130967
2096.707,1,130666
2098.464,1,131441
2100.220,1,131303
2101.976,1,131191
2103.732,1,131576
2105.487,1,131483
2107.241,1,131671
2108.996,1,131759
2110.750,1,131710
2112.503,1,131993
2114.256,1,132067
2116.009,1,132090
2117.761,1,131497
2119.513,1,132102
2121.265,1,131982
2123.016,1,132212
2124.767,1,131938
2126.517,1,132280
2128.267,1,131948
2130.017,1,132293
2131.766,1,131945
2133.515,1,132528
2135.263,1,131869
2137.011,1,131995
2138.759,1,131855
2140.506,1,131564
2142.253,1,131949
2143.999,1,131724
2145.745,1,131948
2147.491,1,131407
2149.236,1,131595
2150.981,1,131236
2152.725,1,131076
2154.470,1,131306
2156.213,1,131228
2157.957,1,131266
2159.699,1,131200
2161.442,1,130849
2163.184,1,130661
2164.926,1,131150
2166.667,1,130289
2168.408,1,130719
2170.149,1,130416
2171.889,1,130321
2173.629,1,129862
2175.368,1,130170
2177.107,1,130262
2178.846,1,129880
2180.584,1,129603
2182.322,1,129291
2184.059,1,129457
2185.797,1,129228
2187.533,1,129311
2189.270,1,128940
2191.005,1,129124
2192.741,1,128735
2194.476,1,128437
2196.211,1,128346
2197.945,1,128262
2199.679,1,127367
2201.413,1,127615
2203.146,1,127681
2204.879,1,127128
2206.611,1,127320
2208.343,1,127131
2210.075,1,126858
2211.806,1,126671
2213.537,1,126514
2215.268,1,126300
2216.998,1,126051
2218.727,1,125610
2220.457,1,125658
2222.186,1,125686
2223.914,1,125131
2225.643,1,124697
2227.370,1,124585
2229.098,1,124361
2230.825,1,124313
2232.551,1,124118
2234.278,1,124158
2236.004,1,123792
2237.729,1,123492
2239.454,1,123132
2241.179,1,123034
2242.903,1,122745
2244.627,1,122972
2246.351,1,122558
2248.074,1,122370
2249.797,1,121691
2251.519,1,122172
2253.241,1,121854
2254.963,1,121462
2256.684,1,121307
2258.405,1,120963
2260.125,1,120906
2261.846,1,120753
2263.565,1,120498
2265.285,1,120269
2267.004,1,120202
2268.722,1,120136
2270.440,1,120074
2272.158,1,118987
2273.876,1,119483
2275.593,1,118770
2277.309,1,118721
2279.026,1,117955
2280.742,1,117469
2282.457,1,117304
2284.172,1,116994
2285.887,1,116303
2287.602,1,116126
2289.316,1,115670
2291.029,1,115215
2292.742,1,114564
2294.455,1,113904
2296.168,1,113762
2297.880,1,113503
2299.592,1,112873
2301.303,1,112886
2303.014,1,112662
2304.725,1,112100
2306.435,1,111663
2308.145,1,111330
2309.854,1,111186
2311.563,1,110444
2313.272,1,110221
2314.980,1,109845
2316.688,1,109613
2318.396,1,109202
2320.103,1,109004
2321.810,1,108924
2323.516,1,109099
2325.222,1,108518
2326.928,1,108270
2328.633,1,107685
2330.338,1,107717
2332.042,1,107243
2333.747,1,107409
2335.450,1,107099
2337.154,1,107174
2338.857,1,106907
2340.559,1,106846
2342.262,1,106889
2343.964,1,106882
2345.665,1,106335
2347.366,1,106547
2349.067,1,106504
2350.767,1,106450
2352.467,1,106508
2354.167,1,106335
2355.866,1,106134
2357.565,1,106549
2359.264,1,106445
2360.962,1,106568
2362.660,1,106546
2364.357,1,106647
2366.054,1,106723
2367.751,1,106731
2369.447,1,106784
2371.143,1,106678
2372.838,1,106422
2374.533,1,106621
2376.228,1,106622
2377.923,1,106771
2379.617,1,106656
2381.310,1,106609
2383.003,1,106822
2384.696,1,107170
2386.389,1,106501
2388.081,1,106627
2389.773,1,106482
2391.464,1,106447
2393.155,1,106371
2394.846,1,106569
2396.536,1,106458
2398.226,1,106342
2399.916,1,106170
2401.605,1,105886
2403.294,1,105965
2404.982,1,105566
2406.670,1,105655
2408.358,1,105925
2410.045,1,105240
2411.732,1,105243
2413.418,1,105174
2415.105,1,104746
2416.790,1,104766
2418.476,1,104312
2420.161,1,104509
2421.846,1,104109
2423.530,1,104268
2425.214,1,104311
2426.897,1,103862
2428.581,1,104104
2430.264,1,103596
2431.946,1,103822
2433.628,1,103458
2435.310,1,103288
2436.991,1,103725
2438.672,1,103667
2440.353,1,103724
2442.033,1,103337
2443.713,1,103807
2445.392,1,103684
2447.072,1,103996
2448.750,1,104095
2450.429,1,104326
2452.107,1,104472
2453.785,1,104456
2455.462,1,104848
2457.139,1,104993
2458.815,1,105524
2460.491,1,106012
2462.167,1,105888
2463.843,1,106827
2465.518,1,107195
2467.193,1,107668
2468.867,1,107803
2470.541,1,108558
2472.215,1,108966
2473.888,1,108808
2475.561,1,109193
2477.233,1,109190
2478.905,1,109350
2480.577,1,109413
2482.249,1,109839
2483.920,1,110221
2485.590,1,110218
2487.261,1,110130
2488.931,1,110574
2490.600,1,110892
2492.269,1,110699
2493.938,1,111128
2495.607,1,111254
2497.275,1,111401
2498.943,1,111675
2500.610,1,112193
2502.277,1,112221
2503.944,1,112448
2505.610,1,112870
2507.276,1,112982
2508.942,1,113197
2510.607,1,113767
2512.272,1,113862
2513.936,1,113897
2515.600,1,114551
2517.264,1,113843
2518.927,1,113712
2520.590,1,113640
2522.253,1,113719
2523.915,1,114016
2525.577,1,114102
2527.239,1,114110
2528.900,1,113782
2530.561,1,114596
2532.221,1,114656
2533.881,1,114495
2535.541,1,114756
2537.200,1,114998
2538.859,1,115253
2540.518,1,115674
2542.176,1,115604
2543.834,1,116088
2545.492,1,116078
2547.149,1,116829
2548.806,1,117239
2550.462,1,117412
2552.119,1,117191
2553.774,1,117780
2555.430,1,118485
2557.085,1,118611
2558.740,1,119007
2560.394,1,118963
2562.048,1,119290
2563.701,1,119362
2565.355,1,119650
2567.007,1,120069
2568.660,1,120098
2570.312,1,120655
2571.964,1,120942
2573.615,1,121416
2575.266,1,121188
2576.917,1,121451
2578.568,1,121946
2580.218,1,121124
2581.867,1,120904
2583.516,1,120777
2585.165,1,120909
2586.814,1,120323
2588.462,1,119938
2590.110,1,120167
2591.757,1,119985
2593.405,1,119517
2595.051,1,119433
2596.698,1,119345
2598.344,1,119039
2599.989,1,118977
2601.635,1,118336
2603.280,1,118365
2604.924,1,118522
2606.569,1,118063
2608.212,1,117986
2609.856,1,117414
2611.499,1,117293
2613.142,1,117168
2614.784,1,117182
2616.427,1,116625
2618.068,1,116380
2619.710,1,115972
2621.351,1,116001
2622.991,1,115874
2624.632,1,115874
2626.272,1,115960
2627.911,1,115392
2629.551,1,116026
2631.190,1,115529
2632.828,1,115795
2634.466,1,115802
2636.104,1,116396
2637.742,1,116324
2639.379,1,116317
2641.015,1,116936
2642.652,1,117198
2644.288,1,117616
2645.924,1,118305
2647.559,1,119307
2649.194,1,119881
2650.829,1,120604
2652.463,1,121090
2654.097,1,122047
2655.730,1,122713
2657.364,1,123297
2658.996,1,124340
2660.629,1,124361
2662.261,1,125145
2663.893,1,125672
2665.524,1,126380
2667.155,1,126979
2668.786,1,127124
2670.417,1,128831
2672.047,1,130458
2673.676,1,131607
2675.306,1,133969
2676.935,1,135894
2678.563,1,139360
2680.192,1,143060
2681.819,1,148111
2683.447,1,153841
2685.074,1,160210
2686.701,1,166406
2688.328,1,171798
2689.954,1,174917
2691.580,1,178289
2693.205,1,180256
2694.830,1,181128
2696.455,1,182352
2698.079,1,183605
2699.703,1,184194
2701.327,1,184411
2702.950,1,184562
2704.573,1,185352
2706.196,1,186600
2707.818,1,187356
2709.440,1,188030
2711.062,1,188807
2712.683,1,190286
2714.304,1,190934
2715.924,1,192075
2717.545,1,193200
2719.164,1,195341
