184.081,1,349356
186.293,1,342859
188.506,1,339491
190.717,1,334919
192.928,1,330711
195.138,1,326358
197.348,1,322158
199.557,1,317136
201.766,1,312259
203.974,1,307867
206.182,1,302838
208.389,1,299197
210.595,1,293901
212.801,1,289999
215.007,1,285463
217.211,1,281657
219.416,1,278508
221.619,1,274694
223.823,1,271544
226.025,1,268177
228.227,1,264985
230.429,1,261286
232.630,1,258639
234.830,1,256008
237.030,1,253957
239.229,1,251045
241.428,1,248066
243.626,1,246422
245.824,1,244116
248.021,1,241374
250.217,1,239651
252.413,1,236690
254.609,1,234992
256.804,1,232715
258.998,1,230584
261.192,1,229230
263.385,1,227080
265.578,1,225042
267.770,1,223199
269.961,1,221584
272.152,1,219190
274.343,1,218089
276.533,1,217173
278.722,1,214923
280.911,1,213548
283.099,1,212235
285.287,1,210412
287.474,1,208661
289.661,1,206573
291.847,1,205767
294.032,1,203353
296.217,1,201333
298.402,1,199830
300.586,1,197871
302.769,1,196139
304.952,1,194105
307.134,1,192082
309.316,1,190467
311.497,1,189159
313.677,1,187600
315.857,1,186176
318.037,1,184534
320.216,1,183685
322.394,1,181898
324.572,1,181231
326.750,1,179916
328.926,1,178932
331.103,1,178076
333.278,1,177441
335.454,1,176976
337.628,1,175976
339.802,1,175048
341.976,1,174671
344.149,1,173839
346.321,1,173694
348.493,1,173403
350.665,1,173213
352.835,1,172854
355.006,1,172653
357.175,1,171859
359.345,1,172063
361.513,1,171465
363.681,1,171366
365.849,1,170996
368.016,1,170581
370.182,1,170216
372.348,1,169945
374.514,1,170082
376.679,1,169525
378.843,1,168965
381.007,1,169095
383.170,1,168553
385.333,1,168541
387.495,1,169374
389.657,1,169134
391.818,1,169078
393.978,1,169491
396.138,1,169350
398.298,1,169540
400.457,1,170126
402.615,1,169980
404.773,1,169988
406.930,1,170393
409.087,1,170328
411.244,1,170938
413.399,1,170889
415.554,1,170414
417.709,1,171161
419.863,1,171126
422.017,1,171579
424.170,1,171814
426.322,1,172104
428.474,1,172277
430.626,1,172233
432.777,1,172321
434.927,1,172823
437.077,1,172570
439.226,1,172305
441.375,1,171732
443.523,1,172991
445.671,1,172454
447.818,1,172574
449.965,1,172486
452.111,1,171998
454.257,1,171899
456.402,1,172464
458.546,1,171877
460.690,1,171778
462.834,1,171740
464.976,1,171246
467.119,1,171043
469.261,1,171163
471.402,1,170941
473.543,1,171189
475.683,1,170995
477.823,1,171051
479.962,1,170721
482.101,1,171229
484.239,1,171042
486.376,1,171473
488.513,1,171995
490.650,1,172489
492.786,1,172349
494.922,1,172926
497.057,1,173123
499.191,1,173627
501.325,1,174050
503.458,1,174778
505.591,1,175408
507.723,1,176428
509.855,1,176989
511.987,1,178783
514.117,1,179524
516.247,1,180487
518.377,1,179710
520.506,1,179034
522.635,1,178068
524.763,1,177385
526.891,1,176758
529.018,1,177623
531.144,1,176739
533.270,1,176888
535.396,1,176610
537.521,1,176267
539.645,1,175720
541.769,1,175461
543.892,1,175313
546.015,1,174981
548.138,1,174610
550.259,1,174431
552.381,1,174153
554.502,1,174498
556.622,1,174016
558.741,1,174104
560.861,1,174351
562.979,1,173757
565.097,1,173669
567.215,1,174288
569.332,1,174027
571.449,1,174136
573.565,1,174447
575.680,1,173934
577.795,1,173921
579.910,1,174247
582.024,1,173944
584.137,1,173676
586.250,1,173057
588.363,1,172114
590.475,1,172021
592.586,1,171011
594.697,1,170907
596.807,1,170151
598.917,1,170058
601.026,1,169745
603.135,1,169185
605.243,1,168812
607.351,1,168841
609.458,1,168420
611.565,1,168214
613.671,1,167775
615.777,1,167453
617.882,1,167571
619.987,1,167321
622.091,1,167440
624.194,1,167662
626.297,1,167305
628.400,1,166834
630.502,1,167246
632.604,1,167414
634.705,1,167133
636.805,1,168167
638.905,1,167676
641.005,1,168154
643.104,1,168574
645.202,1,168444
647.300,1,169190
649.397,1,169915
651.494,1,169801
653.591,1,170433
655.686,1,170848
657.782,1,171892
659.877,1,171962
661.971,1,172858
664.065,1,173378
666.158,1,173849
668.251,1,174241
670.343,1,174282
672.435,1,174733
674.526,1,174584
676.617,1,174766
678.707,1,175141
680.797,1,175213
682.886,1,175284
684.975,1,175269
687.063,1,175599
689.151,1,175219
691.238,1,176045
693.324,1,176257
695.410,1,175998
697.496,1,176381
699.581,1,175689
701.666,1,176915
703.750,1,177210
705.833,1,176718
707.917,1,176587
709.999,1,177243
712.081,1,176931
714.163,1,177453
716.244,1,177132
718.324,1,176909
720.404,1,177354
722.484,1,177520
724.563,1,177196
726.641,1,177843
728.719,1,177780
730.797,1,178071
732.874,1,178494
734.950,1,178259
737.026,1,178433
739.102,1,178988
741.177,1,178461
743.251,1,178591
745.325,1,178949
747.398,1,178907
749.471,1,179641
751.544,1,179734
753.616,1,179951
755.687,1,180121
757.758,1,180437
759.828,1,180195
761.898,1,181186
763.968,1,181259
766.036,1,182089
768.105,1,182339
770.173,1,182614
772.240,1,183321
774.307,1,184303
776.373,1,185485
778.439,1,185994
780.504,1,187303
782.569,1,189256
784.634,1,190691
786.697,1,192826
788.761,1,195110
790.824,1,197601
792.886,1,200821
794.948,1,203763
797.009,1,206749
799.070,1,209621
801.130,1,213377
803.190,1,216148
805.249,1,219307
807.308,1,221627
809.367,1,224703
811.424,1,226349
813.482,1,227025
815.539,1,228256
817.595,1,229975
819.651,1,230583
821.706,1,231534
823.761,1,232628
825.815,1,233689
827.869,1,235878
829.922,1,237799
831.975,1,239242
834.028,1,242105
836.079,1,244520
838.131,1,246881
840.182,1,249417
842.232,1,252074
844.282,1,254826
846.331,1,257479
848.380,1,258924
850.428,1,261342
852.476,1,264809
854.524,1,264374
856.570,1,263534
858.617,1,261237
860.663,1,255045
862.708,1,247129
864.753,1,239298
866.797,1,232110
868.841,1,225634
870.885,1,221097
872.928,1,219797
874.970,1,218881
877.012,1,219459
879.053,1,219486
881.094,1,220350
883.135,1,219773
885.175,1,218605
887.214,1,218281
889.253,1,217043
891.291,1,215092
893.329,1,213840
895.367,1,212946
897.404,1,211827
899.440,1,210215
901.476,1,209361
903.512,1,208697
905.547,1,207596
907.581,1,208522
909.615,1,208541
911.649,1,208847
913.682,1,210192
915.714,1,211118
917.746,1,212047
919.778,1,212466
921.809,1,212217
923.840,1,211932
925.870,1,211196
927.899,1,210420
929.928,1,209943
931.957,1,210496
933.985,1,208977
936.013,1,209099
938.040,1,208709
940.067,1,208696
942.093,1,208248
944.119,1,208461
946.144,1,208045
948.168,1,208505
950.193,1,207645
952.216,1,207249
954.240,1,207526
956.262,1,206558
958.285,1,206357
960.306,1,205832
962.328,1,205965
964.349,1,205838
966.369,1,205661
968.389,1,205442
970.408,1,205807
972.427,1,206580
974.445,1,206910
976.463,1,206866
978.481,1,207352
980.498,1,207717
982.514,1,208993
984.530,1,210187
986.545,1,210960
988.560,1,212461
990.575,1,213570
992.589,1,214422
994.602,1,214885
996.615,1,215294
998.628,1,215935
1000.640,1,215728
1002.652,1,215495
1004.663,1,215802
1006.673,1,215662
1008.684,1,216567
1010.693,1,217394
1012.702,1,218713
1014.711,1,219558
1016.719,1,220881
1018.727,1,222763
1020.734,1,224181
1022.741,1,226088
1024.747,1,227947
1026.753,1,230173
1028.758,1,231516
1030.763,1,233548
1032.768,1,234881
1034.772,1,236697
1036.775,1,238494
1038.778,1,240451
1040.780,1,242237
1042.782,1,243648
1044.784,1,244366
1046.785,1,244605
1048.785,1,243582
1050.785,1,244474
1052.785,1,244304
1054.784,1,244757
1056.782,1,245894
1058.781,1,247398
1060.778,1,249898
1062.775,1,252276
1064.772,1,253731
1066.768,1,255227
1068.764,1,255539
1070.759,1,256944
1072.754,1,257608
1074.748,1,257907
1076.742,1,258054
1078.735,1,257611
1080.728,1,258033
1082.721,1,257302
1084.713,1,255502
1086.704,1,253759
1088.695,1,252253
1090.686,1,250529
1092.676,1,249647
1094.665,1,248669
1096.654,1,248558
1098.643,1,248233
1100.631,1,247996
1102.618,1,248557
1104.606,1,248939
1106.592,1,249745
1108.578,1,250509
1110.564,1,251546
1112.549,1,253313
1114.534,1,254890
1116.519,1,255943
1118.502,1,257444
1120.486,1,259446
1122.469,1,261713
1124.451,1,263378
1126.433,1,265192
1128.414,1,268412
1130.395,1,271041
1132.376,1,274180
1134.356,1,277278
1136.336,1,279313
1138.315,1,281201
1140.293,1,282564
1142.271,1,282013
1144.249,1,281405
1146.226,1,279992
1148.203,1,277772
1150.179,1,273626
1152.155,1,268640
1154.131,1,265140
1156.105,1,260609
1158.080,1,256297
1160.054,1,252681
1162.027,1,249522
1164.000,1,246852
1165.973,1,245172
1167.945,1,243510
1169.916,1,241873
1171.887,1,240837
1173.858,1,241251
1175.828,1,240771
1177.798,1,240219
1179.767,1,239899
1181.736,1,240179
1183.704,1,240669
1185.672,1,240042
1187.639,1,240482
1189.606,1,240307
1191.573,1,239636
1193.539,1,241003
1195.504,1,239951
1197.469,1,239977
1199.434,1,239912
1201.398,1,240227
1203.361,1,241350
1205.325,1,240916
1207.287,1,240986
1209.249,1,241485
1211.211,1,241739
1213.173,1,242230
1215.133,1,242696
1217.094,1,242943
1219.054,1,243852
1221.013,1,244831
1222.972,1,245527
1224.931,1,246320
1226.889,1,247776
1228.846,1,249492
1230.803,1,251371
1232.760,1,253633
1234.716,1,256957
1236.672,1,261522
1238.627,1,266518
1240.582,1,271129
1242.536,1,274133
1244.490,1,276327
1246.443,1,276983
1248.396,1,277058
1250.349,1,277884
1252.301,1,278743
1254.252,1,278813
1256.203,1,278710
1258.154,1,279011
1260.104,1,278784
1262.054,1,278800
1264.003,1,278579
1265.952,1,278033
1267.900,1,277887
1269.848,1,278228
1271.796,1,280196
1273.742,1,283260
1275.689,1,287825
1277.635,1,293017
1279.581,1,299743
1281.526,1,305088
1283.470,1,310391
1285.414,1,314044
1287.358,1,315499
1289.301,1,316174
1291.244,1,314607
1293.187,1,312773
1295.128,1,309958
1297.070,1,307580
1299.011,1,304965
1300.951,1,303155
1302.891,1,302617
1304.831,1,300130
1306.770,1,298027
1308.709,1,295167
1310.647,1,291601
1312.585,1,287932
1314.522,1,283689
1316.459,1,280009
1318.395,1,277859
1320.331,1,275108
1322.267,1,271669
1324.202,1,270169
1326.136,1,267280
1328.070,1,266168
1330.004,1,264449
1331.937,1,263596
1333.870,1,262239
1335.802,1,262150
1337.734,1,261189
1339.665,1,261091
1341.596,1,260470
1343.527,1,259671
1345.457,1,260675
1347.386,1,142239
1349.315,1,259630
1351.244,1,260171
1353.172,1,260207
1355.100,1,260814
1357.027,1,260783
1358.954,1,260613
1360.880,1,261262
1362.806,1,260958
1364.732,1,261819
1366.657,1,261471
1368.581,1,261355
1370.506,1,260728
1372.429,1,260721
1374.352,1,260497
1376.275,1,261164
1378.197,1,261147
1380.119,1,261103
1382.041,1,261710
1383.962,1,261764
1385.882,1,263287
1387.802,1,263924
1389.722,1,264410
1391.641,1,265427
1393.560,1,266062
1395.478,1,267034
1397.396,1,267809
1399.313,1,267919
1401.230,1,268526
1403.146,1,268253
1405.062,1,268799
1406.978,1,269718
1408.893,1,270284
1410.808,1,270701
1412.722,1,270896
1414.636,1,271735
1416.549,1,271320
1418.462,1,271650
1420.374,1,271272
1422.286,1,271781
1424.198,1,272077
1426.109,1,272178
1428.019,1,272145
1429.929,1,272491
1431.839,1,272881
1433.748,1,273765
1435.657,1,274614
1437.566,1,276056
1439.474,1,278637
1441.381,1,281474
1443.288,1,285376
1445.195,1,291987
1447.101,1,296956
1449.006,1,302627
1450.912,1,305996
1452.816,1,307138
1454.721,1,307190
1456.625,1,306626
1458.528,1,305873
1460.431,1,306034
1462.334,1,306550
1464.236,1,307482
1466.138,1,309818
1468.039,1,313628
1469.940,1,318535
1471.840,1,324380
1473.740,1,331308
1475.639,1,338547
1477.538,1,340962
1479.437,1,334324
1481.335,1,322668
1483.233,1,308857
1485.130,1,297233
1487.027,1,287873
1488.923,1,279328
1490.819,1,273865
1492.715,1,270142
1494.610,1,266180
1496.504,1,263790
1498.398,1,261085
1500.292,1,260242
1502.185,1,258893
1504.078,1,258229
1505.971,1,257087
1507.862,1,255907
1509.754,1,255332
1511.645,1,255156
1513.536,1,254596
1515.426,1,253276
1517.316,1,253528
1519.205,1,253142
1521.094,1,252117
1522.982,1,252106
1524.870,1,251427
1526.758,1,251073
1528.645,1,251122
1530.531,1,250367
1532.418,1,250800
1534.303,1,249965
1536.189,1,250277
1538.074,1,249295
1539.958,1,248660
1541.842,1,248609
1543.726,1,247899
1545.609,1,248139
1547.492,1,247474
1549.374,1,247059
1551.256,1,247186
1553.137,1,246712
1555.018,1,246650
1556.898,1,245328
1558.779,1,245595
1560.658,1,245512
1562.537,1,245025
1564.416,1,245000
1566.295,1,244694
1568.172,1,244799
1570.050,1,244500
1571.927,1,243900
1573.804,1,244491
1575.680,1,243540
1577.555,1,243744
1579.431,1,243021
1581.306,1,243442
1583.180,1,243584
1585.054,1,243025
1586.927,1,242077
1588.801,1,242716
1590.673,1,243156
1592.545,1,242576
1594.417,1,242137
1596.289,1,242654
1598.160,1,242587
1600.030,1,242370
1601.900,1,242220
1603.770,1,241862
1605.639,1,242653
1607.508,1,242376
1609.376,1,242720
1611.244,1,242502
1613.111,1,242710
1614.979,1,243013
1616.845,1,242568
1618.711,1,242266
1620.577,1,242890
1622.442,1,242615
1624.307,1,242495
1626.172,1,242744
1628.036,1,241660
1629.899,1,242938
1631.762,1,242833
1633.625,1,242242
1635.487,1,242250
1637.349,1,241487
1639.211,1,241865
1641.072,1,242302
1642.932,1,241877
1644.792,1,241166
1646.652,1,240747
1648.511,1,240139
1650.370,1,240049
1652.229,1,239637
1654.087,1,239339
1655.944,1,239163
1657.801,1,237976
1659.658,1,237525
1661.514,1,237324
1663.370,1,236390
1665.226,1,235748
1667.080,1,234914
1668.935,1,234089
1670.789,1,233574
1672.643,1,232582
1674.496,1,231682
1676.349,1,230581
1678.201,1,229638
1680.053,1,228678
1681.905,1,227825
1683.756,1,227046
1685.607,1,226366
1687.457,1,225717
1689.307,1,223999
1691.156,1,223618
1693.005,1,223126
1694.854,1,222493
1696.702,1,221420
1698.550,1,219989
1700.397,1,219485
1702.244,1,218144
1704.090,1,217640
1705.936,1,217243
1707.782,1,216488
1709.627,1,215512
1711.472,1,214910
1713.316,1,215057
1715.160,1,213546
1717.004,1,213218
1718.847,1,212279
1720.689,1,211961
1722.531,1,210982
1724.373,1,210419
1726.215,1,210031
1728.056,1,209580
1729.896,1,208440
1731.736,1,207977
1733.576,1,207327
1735.415,1,206554
1737.254,1,205982
1739.092,1,205532
1740.930,1,204865
1742.768,1,204163
1744.605,1,204041
1746.442,1,203209
1748.278,1,202262
1750.114,1,201427
1751.949,1,201140
1753.784,1,200738
1755.619,1,199488
1757.453,1,199161
1759.287,1,198525
1761.120,1,198165
1762.953,1,197825
1764.785,1,196582
1766.617,1,196449
1768.449,1,195664
1770.280,1,194662
1772.111,1,194325
1773.941,1,193985
1775.771,1,193436
1777.601,1,192848
1779.430,1,191842
1781.259,1,191829
1783.087,1,190424
1784.915,1,190788
1786.742,1,190189
1788.569,1,189797
1790.396,1,188726
1792.222,1,188878
1794.048,1,188100
1795.873,1,187277
1797.698,1,187914
1799.523,1,187203
1801.347,1,187068
1803.171,1,186748
1804.994,1,186905
1806.817,1,186020
1808.639,1,186196
1810.461,1,186597
1812.283,1,186477
1814.104,1,186489
1815.925,1,186914
1817.745,1,187382
1819.565,1,186895
1821.384,1,186762
1823.203,1,186948
1825.022,1,186817
1826.840,1,187469
1828.658,1,187479
1830.476,1,188666
1832.293,1,188773
1834.109,1,188380
1835.925,1,188678
1837.741,1,189714
1839.557,1,189641
1841.372,1,189860
1843.186,1,190792
1845.000,1,190784
1846.814,1,190733
1848.627,1,191126
1850.440,1,191358
1852.253,1,191840
1854.065,1,191714
1855.876,1,192259
1857.687,1,192204
1859.498,1,192768
1861.309,1,192899
1863.119,1,193466
1864.928,1,193094
1866.737,1,193555
1868.546,1,193621
1870.354,1,192854
1872.162,1,193445
1873.970,1,193631
1875.777,1,193874
1877.584,1,193756
1879.390,1,194323
1881.196,1,193889
1883.001,1,194513
1884.806,1,193790
1886.611,1,194113
1888.415,1,193654
1890.219,1,193323
1892.022,1,193211
1893.825,1,193510
1895.628,1,193552
1897.430,1,193099
1899.232,1,193013
1901.033,1,192707
1902.834,1,192683
1904.634,1,192693
1906.434,1,191946
1908.234,1,191573
1910.033,1,191865
1911.832,1,191057
1913.631,1,191474
1915.429,1,190903
1917.226,1,191004
1919.024,1,190311
1920.821,1,190139
1922.617,1,190307
1924.413,1,189870
1926.209,1,189059
1928.004,1,189210
1929.799,1,188716
1931.593,1,188597
1933.387,1,188091
1935.180,1,187724
1936.974,1,187772
1938.766,1,187137
1940.559,1,186626
1942.351,1,187104
1944.142,1,186408
1945.933,1,186355
1947.724,1,185927
1949.514,1,185303
1951.304,1,185663
1953.094,1,184618
1954.883,1,184556
1956.672,1,184473
1958.460,1,183875
1960.248,1,184058
1962.035,1,183273
1963.822,1,183457
1965.609,1,182373
1967.395,1,182416
1969.181,1,182209
1970.967,1,181835
1972.752,1,181442
1974.536,1,180978
1976.320,1,181197
1978.104,1,180672
1979.888,1,180333
1981.671,1,180550
1983.453,1,179493
1985.236,1,179569
1987.017,1,179433
1988.799,1,178715
1990.580,1,178895
1992.360,1,178103
1994.141,1,178313
1995.920,1,178258
1997.700,1,177560
1999.479,1,177448
2001.257,1,177051
2003.036,1,176830
2004.813,1,176538
2006.591,1,176346
2008.368,1,176447
2010.144,1,176267
2011.920,1,176045
2013.696,1,175952
2015.472,1,175511
2017.247,1,174755
2019.021,1,174942
2020.795,1,174815
2022.569,1,174255
2024.342,1,174502
2026.115,1,173799
2027.888,1,174277
2029.660,1,173612
2031.432,1,173649
2033.203,1,173533
2034.974,1,172563
2036.745,1,172742
2038.515,1,172561
2040.285,1,172511
2042.054,1,171905
2043.823,1,171842
2045.592,1,171687
2047.360,1,171752
2049.128,1,171304
2050.895,1,171076
2052.662,1,170771
2054.429,1,170593
2056.195,1,170349
2057.961,1,170398
2059.726,1,170615
2061.491,1,169808
2063.256,1,169592
2065.020,1,169368
2066.783,1,169050
2068.547,1,168905
2070.310,1,168756
2072.072,1,168964
2073.835,1,168089
2075.597,1,167976
2077.358,1,168194
2079.119,1,167495
2080.880,1,167197
2082.640,1,167470
2084.400,1,167090
2086.159,1,166673
2087.918,1,166619
2089.677,1,166139
2091.435,1,166528
2093.193,1,165729
2094.950,1,165525
2096.707,1,165494
2098.464,1,165272
2100.220,1,165119
2101.976,1,165304
2103.732,1,164691
2105.487,1,164320
2107.241,1,164315
2108.996,1,164159
2110.750,1,164080
2112.503,1,163838
2114.256,1,163971
2116.009,1,163511
2117.761,1,162786
2119.513,1,162594
2121.265,1,162230
2123.016,1,162226
2124.767,1,162577
2126.517,1,161893
2128.267,1,161822
2130.017,1,161581
2131.766,1,161161
2133.515,1,160928
2135.263,1,160562
2137.011,1,160681
2138.759,1,160590
2140.506,1,159914
2142.253,1,159992
2143.999,1,159531
2145.745,1,159833
2147.491,1,159622
2149.236,1,159209
2150.981,1,158253
2152.725,1,158637
2154.470,1,157738
2156.213,1,157917
2157.957,1,157094
2159.699,1,157231
2161.442,1,157116
2163.184,1,157065
2164.926,1,156682
2166.667,1,156750
2168.408,1,155959
2170.149,1,156060
2171.889,1,156117
2173.629,1,155087
2175.368,1,155022
2177.107,1,155018
2178.846,1,154771
2180.584,1,154308
2182.322,1,154477
2184.059,1,154448
2185.797,1,153626
2187.533,1,153615
2189.270,1,153356
2191.005,1,153440
2192.741,1,152869
2194.476,1,152531
2196.211,1,152879
2197.945,1,152699
2199.679,1,151640
2201.413,1,151933
2203.146,1,151346
2204.879,1,151125
2206.611,1,151222
2208.343,1,150524
2210.075,1,150523
2211.806,1,150089
2213.537,1,149746
2215.268,1,149543
2216.998,1,148865
2218.727,1,148906
2220.457,1,148639
2222.186,1,148157
2223.914,1,148168
2225.643,1,147717
2227.370,1,147496
2229.098,1,147539
2230.825,1,146640
2232.551,1,146465
2234.278,1,146657
2236.004,1,145964
2237.729,1,145509
2239.454,1,145402
2241.179,1,145290
2242.903,1,144551
2244.627,1,144475
2246.351,1,144312
2248.074,1,143562
2249.797,1,143848
2251.519,1,143429
2253.241,1,143158
2254.963,1,142868
2256.684,1,142176
2258.405,1,142078
2260.125,1,141648
2261.846,1,141272
2263.565,1,141404
2265.285,1,140250
2267.004,1,140484
2268.722,1,140497
2270.440,1,139974
2272.158,1,139527
2273.876,1,139475
2275.593,1,139189
2277.309,1,138543
2279.026,1,138478
2280.742,1,138123
2282.457,1,137698
2284.172,1,137274
2285.887,1,137358
2287.602,1,136829
2289.316,1,136537
2291.029,1,136135
2292.742,1,135507
2294.455,1,135562
2296.168,1,135129
2297.880,1,134774
2299.592,1,134823
2301.303,1,134462
2303.014,1,133989
2304.725,1,133784
2306.435,1,133207
2308.145,1,133553
2309.854,1,132548
2311.563,1,132858
2313.272,1,132587
2314.980,1,132369
2316.688,1,132016
2318.396,1,132071
2320.103,1,131540
2321.810,1,131495
2323.516,1,131497
2325.222,1,131254
2326.928,1,131200
2328.633,1,130993
2330.338,1,130769
2332.042,1,130243
2333.747,1,130352
2335.450,1,130184
2337.154,1,129839
2338.857,1,130061
2340.559,1,129826
2342.262,1,129753
2343.964,1,129565
2345.665,1,129358
2347.366,1,129638
2349.067,1,128915
2350.767,1,129367
2352.467,1,129131
2354.167,1,128414
2355.866,1,128855
2357.565,1,128838
2359.264,1,128584
2360.962,1,128433
2362.660,1,128439
2364.357,1,128523
2366.054,1,127935
2367.751,1,128106
2369.447,1,128326
2371.143,1,128088
2372.838,1,128425
2374.533,1,127977
2376.228,1,127990
2377.923,1,128018
2379.617,1,128067
2381.310,1,127518
2383.003,1,127928
2384.696,1,127506
2386.389,1,127567
2388.081,1,127389
2389.773,1,126988
2391.464,1,127413
2393.155,1,126633
2394.846,1,127100
2396.536,1,126832
2398.226,1,127090
2399.916,1,126944
2401.605,1,126925
2403.294,1,126502
2404.982,1,126622
2406.670,1,126788
2408.358,1,126124
2410.045,1,125894
2411.732,1,125873
2413.418,1,125895
2415.105,1,125335
2416.790,1,125482
2418.476,1,125547
2420.161,1,125349
2421.846,1,125213
2423.530,1,125085
2425.214,1,125186
2426.897,1,124920
2428.581,1,124654
2430.264,1,124559
2431.946,1,124597
2433.628,1,124118
2435.310,1,124450
2436.991,1,123946
2438.672,1,123886
2440.353,1,123850
2442.033,1,123888
2443.713,1,123922
2445.392,1,123839
2447.072,1,123396
2448.750,1,123349
2450.429,1,123083
2452.107,1,123093
2453.785,1,123092
2455.462,1,122957
2457.139,1,123429
2458.815,1,122833
2460.491,1,122898
2462.167,1,122752
2463.843,1,123020
2465.518,1,122935
2467.193,1,122786
2468.867,1,122794
2470.541,1,122592
2472.215,1,122696
2473.888,1,122553
2475.561,1,122800
2477.233,1,122444
2478.905,1,122461
2480.577,1,122468
2482.249,1,122325
2483.920,1,122424
2485.590,1,122045
2487.261,1,121844
2488.931,1,122181
2490.600,1,121791
2492.269,1,122055
2493.938,1,121516
2495.607,1,121488
2497.275,1,121872
2498.943,1,121905
2500.610,1,121646
2502.277,1,121350
2503.944,1,121422
2505.610,1,121585
2507.276,1,121014
2508.942,1,121232
2510.607,1,121260
2512.272,1,120986
2513.936,1,121174
2515.600,1,121026
2517.264,1,120933
2518.927,1,120591
2520.590,1,120903
2522.253,1,120528
2523.915,1,120190
2525.577,1,120501
2527.239,1,120620
2528.900,1,120271
2530.561,1,120453
2532.221,1,120194
2533.881,1,120302
2535.541,1,119981
2537.200,1,120030
2538.859,1,119760
2540.518,1,119542
2542.176,1,119574
2543.834,1,119989
2545.492,1,119390
2547.149,1,119910
2548.806,1,119440
2550.462,1,119805
2552.119,1,119816
2553.774,1,119642
2555.430,1,119597
2557.085,1,119497
2558.740,1,119491
2560.394,1,119209
2562.048,1,119375
2563.701,1,119414
2565.355,1,119250
2567.007,1,119735
2568.660,1,119612
2570.312,1,119177
2571.964,1,119471
2573.615,1,119556
2575.266,1,119226
2576.917,1,119424
2578.568,1,119516
2580.218,1,119171
2581.867,1,119138
2583.516,1,119112
2585.165,1,118824
2586.814,1,118716
2588.462,1,118705
2590.110,1,118682
2591.757,1,118234
2593.405,1,118365
2595.051,1,117896
2596.698,1,117776
2598.344,1,117882
2599.989,1,118232
2601.635,1,117678
2603.280,1,117560
2604.924,1,117322
2606.569,1,117126
2608.212,1,116886
2609.856,1,117086
2611.499,1,116749
2613.142,1,116853
2614.784,1,116722
2616.427,1,116576
2618.068,1,116438
2619.710,1,116196
2621.351,1,116167
2622.991,1,116175
2624.632,1,115908
2626.272,1,116194
2627.911,1,116310
2629.551,1,116162
2631.190,1,115847
2632.828,1,115738
2634.466,1,115621
2636.104,1,115471
2637.742,1,115241
2639.379,1,115643
2641.015,1,115607
2642.652,1,115243
2644.288,1,115488
2645.924,1,115354
2647.559,1,115513
2649.194,1,115343
2650.829,1,115447
2652.463,1,116100
2654.097,1,115958
2655.730,1,115752
2657.364,1,116011
2658.996,1,115853
2660.629,1,115780
2662.261,1,116092
2663.893,1,115780
2665.524,1,116062
2667.155,1,115864
2668.786,1,115498
2670.417,1,115890
2672.047,1,116188
2673.676,1,116100
2675.306,1,115991
2676.935,1,116201
2678.563,1,116409
2680.192,1,116760
2681.819,1,117523
2683.447,1,118322
2685.074,1,119198
2686.701,1,120226
2688.328,1,121123
2689.954,1,122363
2691.580,1,123499
2693.205,1,124052
2694.830,1,125044
2696.455,1,125054
2698.079,1,125306
2699.703,1,125475
2701.327,1,125762
2702.950,1,126021
2704.573,1,125838
2706.196,1,125953
2707.818,1,125788
2709.440,1,125918
2711.062,1,125554
2712.683,1,125427
2714.304,1,126236
2715.924,1,125656
2717.545,1,126258
2719.164,1,126269
