184.081,1,1339593
186.293,1,1321310
188.506,1,1301288
190.717,1,1285114
192.928,1,1264408
195.138,1,1244559
197.348,1,1222876
199.557,1,1201163
201.766,1,1182185
203.974,1,1161921
206.182,1,1140787
208.389,1,1120857
210.595,1,1100041
212.801,1,1079345
215.007,1,1062288
217.211,1,1043826
219.416,1,1028371
221.619,1,1010358
223.823,1,994234
226.025,1,977059
228.227,1,960471
230.429,1,944809
232.630,1,929224
234.830,1,914583
237.030,1,902579
239.229,1,889200
241.428,1,876999
243.626,1,864895
245.824,1,851932
248.021,1,842099
250.217,1,829804
252.413,1,819092
254.609,1,809199
256.804,1,799599
258.998,1,789628
261.192,1,778916
263.385,1,767745
265.578,1,758156
267.770,1,748870
269.961,1,736961
272.152,1,726740
274.343,1,716943
276.533,1,708909
278.722,1,699173
280.911,1,689602
283.099,1,681315
285.287,1,672787
287.474,1,665141
289.661,1,657440
291.847,1,651212
294.032,1,643648
296.217,1,636858
298.402,1,631014
300.586,1,626491
302.769,1,620945
304.952,1,615750
307.134,1,611897
309.316,1,606557
311.497,1,601472
313.677,1,598366
315.857,1,595666
318.037,1,591660
320.216,1,589230
322.394,1,588104
324.572,1,585261
326.750,1,583576
328.926,1,580345
331.103,1,578724
333.278,1,578069
335.454,1,575193
337.628,1,572601
339.802,1,571359
341.976,1,569660
344.149,1,568908
346.321,1,568744
348.493,1,568264
350.665,1,567182
352.835,1,565478
355.006,1,564459
357.175,1,563133
359.345,1,562255
361.513,1,561955
363.681,1,560820
365.849,1,561500
368.016,1,561343
370.182,1,561446
372.348,1,560556
374.514,1,560944
376.679,1,560746
378.843,1,560021
381.007,1,560664
383.170,1,560672
385.333,1,560747
387.495,1,561054
389.657,1,561688
391.818,1,562718
393.978,1,563658
396.138,1,564192
398.298,1,565501
400.457,1,566296
402.615,1,567696
404.773,1,567773
406.930,1,569554
409.087,1,571131
411.244,1,571363
413.399,1,571703
415.554,1,572501
417.709,1,573952
419.863,1,574617
422.017,1,575325
424.170,1,576077
426.322,1,576866
428.474,1,577821
430.626,1,577315
432.777,1,576901
434.927,1,577324
437.077,1,577424
439.226,1,577618
441.375,1,577177
443.523,1,576339
445.671,1,576722
447.818,1,577367
449.965,1,578316
452.111,1,578108
454.257,1,578795
456.402,1,577829
458.546,1,578151
460.690,1,575891
462.834,1,576768
464.976,1,576010
467.119,1,575294
469.261,1,574771
471.402,1,573358
473.543,1,573063
475.683,1,573501
477.823,1,572451
479.962,1,572463
482.101,1,572259
484.239,1,572860
486.376,1,571043
488.513,1,571450
490.650,1,572681
492.786,1,570629
494.922,1,573669
497.057,1,575667
499.191,1,578763
501.325,1,581831
503.458,1,584269
505.591,1,586211
507.723,1,590656
509.855,1,592565
511.987,1,593305
514.117,1,592177
516.247,1,589697
518.377,1,586206
520.506,1,584076
522.635,1,582854
524.763,1,581216
526.891,1,581995
529.018,1,579701
531.144,1,579023
533.270,1,578280
535.396,1,576196
537.521,1,575811
539.645,1,574714
541.769,1,574214
543.892,1,572331
546.015,1,573595
548.138,1,571681
550.259,1,572892
552.381,1,571301
554.502,1,570971
556.622,1,570203
558.741,1,570636
560.861,1,569890
562.979,1,569886
565.097,1,569882
567.215,1,569534
569.332,1,568583
571.449,1,568637
573.565,1,568068
575.680,1,566283
577.795,1,565616
579.910,1,565506
582.024,1,564604
584.137,1,563508
586.250,1,563711
588.363,1,561274
590.475,1,560981
592.586,1,559277
594.697,1,558361
596.807,1,558464
598.917,1,557461
601.026,1,556881
603.135,1,556597
605.243,1,555403
607.351,1,555412
609.458,1,554848
611.565,1,555319
613.671,1,554749
615.777,1,554346
617.882,1,556093
619.987,1,558341
622.091,1,562398
624.194,1,560720
626.297,1,557219
628.400,1,554788
630.502,1,553993
632.604,1,554739
634.705,1,555369
636.805,1,556880
638.905,1,557892
641.005,1,560469
643.104,1,564537
645.202,1,565325
647.300,1,564435
649.397,1,563553
651.494,1,564788
653.591,1,565623
655.686,1,567096
657.782,1,568311
659.877,1,569637
661.971,1,571653
664.065,1,573067
666.158,1,575786
668.251,1,578058
670.343,1,579957
672.435,1,581410
674.526,1,586220
676.617,1,589869
678.707,1,593089
680.797,1,591344
682.886,1,587214
684.975,1,583436
687.063,1,580221
689.151,1,577101
691.238,1,576545
693.324,1,575222
695.410,1,575204
697.496,1,574521
699.581,1,570904
701.666,1,574410
703.750,1,574509
705.833,1,574055
707.917,1,575345
709.999,1,575908
712.081,1,576407
714.163,1,577843
716.244,1,576763
718.324,1,574852
720.404,1,574187
722.484,1,573539
724.563,1,572863
726.641,1,572802
728.719,1,571862
730.797,1,571266
732.874,1,569864
734.950,1,569881
737.026,1,570016
739.102,1,569691
741.177,1,571015
743.251,1,569964
745.325,1,570966
747.398,1,570820
749.471,1,568937
751.544,1,568312
753.616,1,567856
755.687,1,566730
757.758,1,566381
759.828,1,564471
761.898,1,563825
763.968,1,562452
766.036,1,561134
768.105,1,560081
770.173,1,559273
772.240,1,558724
774.307,1,558583
776.373,1,557270
778.439,1,557009
780.504,1,557188
782.569,1,557946
784.634,1,557420
786.697,1,558788
788.761,1,557724
790.824,1,559191
792.886,1,559258
794.948,1,559458
797.009,1,560020
799.070,1,560463
801.130,1,560521
803.190,1,560931
805.249,1,560888
807.308,1,561180
809.367,1,561221
811.424,1,559916
813.482,1,562068
815.539,1,563016
817.595,1,564434
819.651,1,567203
821.706,1,569909
823.761,1,570613
825.815,1,573701
827.869,1,573318
829.922,1,573154
831.975,1,572462
834.028,1,571251
836.079,1,569537
838.131,1,569753
840.182,1,569603
842.232,1,571134
844.282,1,573682
846.331,1,576021
848.380,1,580450
850.428,1,584319
852.476,1,586277
854.524,1,584605
856.570,1,582707
858.617,1,579632
860.663,1,577750
862.708,1,575824
864.753,1,579781
866.797,1,581803
868.841,1,583757
870.885,1,588020
872.928,1,591765
874.970,1,595971
877.012,1,598495
879.053,1,599258
881.094,1,598967
883.135,1,594248
885.175,1,589434
887.214,1,584385
889.253,1,579356
891.291,1,576559
893.329,1,577001
895.367,1,577011
897.404,1,577012
899.440,1,578015
901.476,1,577308
903.512,1,575135
905.547,1,573590
907.581,1,572768
909.615,1,573881
911.649,1,573592
913.682,1,574879
915.714,1,575028
917.746,1,575707
919.778,1,577118
921.809,1,578404
923.840,1,580987
925.870,1,581517
927.899,1,583390
929.928,1,585190
931.957,1,587518
933.985,1,589858
936.013,1,591712
938.040,1,593882
940.067,1,595311
942.093,1,596602
944.119,1,596082
946.144,1,594587
948.168,1,594276
950.193,1,591970
952.216,1,589760
954.240,1,590560
956.262,1,590392
958.285,1,590879
960.306,1,591108
962.328,1,590273
964.349,1,590079
966.369,1,587748
968.389,1,586856
970.408,1,585343
972.427,1,584657
974.445,1,584982
976.463,1,586051
978.481,1,587280
980.498,1,588449
982.514,1,593193
984.530,1,596429
986.545,1,601343
988.560,1,604550
990.575,1,606304
992.589,1,604502
994.602,1,600028
996.615,1,594759
998.628,1,594793
1000.640,1,608179
1002.652,1,634072
1004.663,1,637783
1006.673,1,611631
1008.684,1,589350
1010.693,1,581789
1012.702,1,577691
1014.711,1,576684
1016.719,1,576132
1018.727,1,576700
1020.734,1,577101
1022.741,1,577003
1024.747,1,576905
1026.753,1,579347
1028.758,1,583541
1030.763,1,587680
1032.768,1,588479
1034.772,1,585226
1036.775,1,583830
1038.778,1,581624
1040.780,1,582011
1042.782,1,582930
1044.784,1,584630
1046.785,1,587441
1048.785,1,587966
1050.785,1,588070
1052.785,1,590690
1054.784,1,590469
1056.782,1,592757
1058.781,1,594958
1060.778,1,596113
1062.775,1,598497
1064.772,1,602692
1066.768,1,604729
1068.764,1,609373
1070.759,1,613652
1072.754,1,618740
1074.748,1,622931
1076.742,1,626113
1078.735,1,627598
1080.728,1,626039
1082.721,1,623542
1084.713,1,620316
1086.704,1,614153
1088.695,1,609901
1090.686,1,606237
1092.676,1,602996
1094.665,1,601856
1096.654,1,600462
1098.643,1,599771
1100.631,1,601315
1102.618,1,601219
1104.606,1,601065
1106.592,1,599350
1108.578,1,598286
1110.564,1,597560
1112.549,1,596100
1114.534,1,596883
1116.519,1,595750
1118.502,1,597499
1120.486,1,598198
1122.469,1,600642
1124.451,1,601771
1126.433,1,603094
1128.414,1,602598
1130.395,1,601721
1132.376,1,598065
1134.356,1,592977
1136.336,1,591043
1138.315,1,587951
1140.293,1,585804
1142.271,1,586690
1144.249,1,585818
1146.226,1,588513
1148.203,1,589286
1150.179,1,591706
1152.155,1,594522
1154.131,1,597143
1156.105,1,599301
1158.080,1,600419
1160.054,1,598087
1162.027,1,596065
1164.000,1,594392
1165.973,1,593171
1167.945,1,594117
1169.916,1,595541
1171.887,1,597522
1173.858,1,600099
1175.828,1,601230
1177.798,1,599851
1179.767,1,599705
1181.736,1,598992
1183.704,1,596628
1185.672,1,595221
1187.639,1,594871
1189.606,1,594364
1191.573,1,594156
1193.539,1,592777
1195.504,1,592881
1197.469,1,593515
1199.434,1,596542
1201.398,1,598799
1203.361,1,603598
1205.325,1,605612
1207.287,1,607385
1209.249,1,606541
1211.211,1,604094
1213.173,1,601321
1215.133,1,599153
1217.094,1,597177
1219.054,1,596752
1221.013,1,595891
1222.972,1,595674
1224.931,1,597587
1226.889,1,597664
1228.846,1,599410
1230.803,1,601609
1232.760,1,602415
1234.716,1,604389
1236.672,1,608171
1238.627,1,608753
1240.582,1,611091
1242.536,1,612609
1244.490,1,613922
1246.443,1,614309
1248.396,1,616233
1250.349,1,615248
1252.301,1,616038
1254.252,1,616831
1256.203,1,616257
1258.154,1,617525
1260.104,1,619336
1262.054,1,619649
1264.003,1,619734
1265.952,1,621971
1267.900,1,622674
1269.848,1,624234
1271.796,1,624392
1273.742,1,624743
1275.689,1,624679
1277.635,1,625696
1279.581,1,625453
1281.526,1,626535
1283.470,1,628582
1285.414,1,628278
1287.358,1,629321
1289.301,1,629568
1291.244,1,631422
1293.187,1,633024
1295.128,1,634045
1297.070,1,635638
1299.011,1,637019
1300.951,1,639190
1302.891,1,640880
1304.831,1,642279
1306.770,1,643112
1308.709,1,644817
1310.647,1,647266
1312.585,1,648585
1314.522,1,650849
1316.459,1,651645
1318.395,1,653474
1320.331,1,653810
1322.267,1,652470
1324.202,1,654186
1326.136,1,652051
1328.070,1,652340
1330.004,1,651429
1331.937,1,653420
1333.870,1,653413
1335.802,1,655006
1337.734,1,656736
1339.665,1,657362
1341.596,1,657121
1343.527,1,654835
1345.457,1,653808
1347.386,1,327597
1349.315,1,643352
1351.244,1,640280
1353.172,1,635483
1355.100,1,633263
1357.027,1,631725
1358.954,1,628884
1360.880,1,627383
1362.806,1,625111
1364.732,1,623346
1366.657,1,621756
1368.581,1,620769
1370.506,1,620029
1372.429,1,616715
1374.352,1,616456
1376.275,1,616685
1378.197,1,616755
1380.119,1,616713
1382.041,1,617625
1383.962,1,619748
1385.882,1,622285
1387.802,1,625145
1389.722,1,627048
1391.641,1,628385
1393.560,1,630538
1395.478,1,632630
1397.396,1,633398
1399.313,1,635038
1401.230,1,637828
1403.146,1,637511
1405.062,1,639405
1406.978,1,640234
1408.893,1,641251
1410.808,1,642525
1412.722,1,644483
1414.636,1,645242
1416.549,1,644457
1418.462,1,646203
1420.374,1,646494
1422.286,1,645889
1424.198,1,645216
1426.109,1,642750
1428.019,1,641573
1429.929,1,640450
1431.839,1,640405
1433.748,1,642576
1435.657,1,646981
1437.566,1,650166
1439.474,1,654125
1441.381,1,659157
1443.288,1,664518
1445.195,1,666328
1447.101,1,668798
1449.006,1,669870
1450.912,1,667539
1452.816,1,665315
1454.721,1,662640
1456.625,1,658803
1458.528,1,656138
1460.431,1,654560
1462.334,1,652037
1464.236,1,648576
1466.138,1,645454
1468.039,1,640325
1469.940,1,636817
1471.840,1,632668
1473.740,1,628896
1475.639,1,626014
1477.538,1,622317
1479.437,1,620711
1481.335,1,618506
1483.233,1,616314
1485.130,1,616073
1487.027,1,614042
1488.923,1,613041
1490.819,1,613278
1492.715,1,613317
1494.610,1,612786
1496.504,1,613293
1498.398,1,611349
1500.292,1,613614
1502.185,1,612634
1504.078,1,613340
1505.971,1,613813
1507.862,1,613609
1509.754,1,615013
1511.645,1,615990
1513.536,1,616302
1515.426,1,618172
1517.316,1,618660
1519.205,1,618739
1521.094,1,618444
1522.982,1,618236
1524.870,1,618040
1526.758,1,618168
1528.645,1,618873
1530.531,1,619019
1532.418,1,618882
1534.303,1,617570
1536.189,1,618978
1538.074,1,618905
1539.958,1,618934
1541.842,1,619596
1543.726,1,620678
1545.609,1,620655
1547.492,1,622606
1549.374,1,622563
1551.256,1,622809
1553.137,1,622724
1555.018,1,622515
1556.898,1,621090
1558.779,1,621105
1560.658,1,620633
1562.537,1,622398
1564.416,1,621227
1566.295,1,622698
1568.172,1,623845
1570.050,1,624740
1571.927,1,625292
1573.804,1,625958
1575.680,1,627553
1577.555,1,627794
1579.431,1,628703
1581.306,1,632563
1583.180,1,632955
1585.054,1,636355
1586.927,1,637544
1588.801,1,636425
1590.673,1,637645
1592.545,1,638833
1594.417,1,640910
1596.289,1,643230
1598.160,1,645867
1600.030,1,647344
1601.900,1,652588
1603.770,1,656130
1605.639,1,659034
1607.508,1,659934
1609.376,1,658480
1611.244,1,659503
1613.111,1,661858
1614.979,1,664732
1616.845,1,665957
1618.711,1,666664
1620.577,1,666551
1622.442,1,667074
1624.307,1,666956
1626.172,1,670762
1628.036,1,670649
1629.899,1,673266
1631.762,1,676724
1633.625,1,678631
1635.487,1,679459
1637.349,1,682455
1639.211,1,684719
1641.072,1,687921
1642.932,1,689639
1644.792,1,692737
1646.652,1,694953
1648.511,1,696605
1650.370,1,699946
1652.229,1,698650
1654.087,1,697641
1655.944,1,695779
1657.801,1,691356
1659.658,1,687050
1661.514,1,680953
1663.370,1,674670
1665.226,1,670000
1667.080,1,664616
1668.935,1,659218
1670.789,1,655108
1672.643,1,650218
1674.496,1,645000
1676.349,1,642144
1678.201,1,637686
1680.053,1,633602
1681.905,1,628943
1683.756,1,624567
1685.607,1,621774
1687.457,1,618014
1689.307,1,612746
1691.156,1,609714
1693.005,1,604774
1694.854,1,600698
1696.702,1,597850
1698.550,1,596050
1700.397,1,592975
1702.244,1,589730
1704.090,1,588047
1705.936,1,584437
1707.782,1,582566
1709.627,1,580633
1711.472,1,578532
1713.316,1,576657
1715.160,1,575219
1717.004,1,573519
1718.847,1,570801
1720.689,1,570315
1722.531,1,568862
1724.373,1,565852
1726.215,1,565642
1728.056,1,563074
1729.896,1,561649
1731.736,1,559803
1733.576,1,558936
1735.415,1,556661
1737.254,1,556351
1739.092,1,554939
1740.930,1,553101
1742.768,1,551502
1744.605,1,550355
1746.442,1,548948
1748.278,1,546944
1750.114,1,545484
1751.949,1,544635
1753.784,1,544084
1755.619,1,542581
1757.453,1,540886
1759.287,1,539749
1761.120,1,538348
1762.953,1,537650
1764.785,1,535784
1766.617,1,533352
1768.449,1,532721
1770.280,1,530774
1772.111,1,529219
1773.941,1,529055
1775.771,1,528425
1777.601,1,525294
1779.430,1,525124
1781.259,1,524843
1783.087,1,522745
1784.915,1,521776
1786.742,1,520814
1788.569,1,520508
1790.396,1,520411
1792.222,1,519626
1794.048,1,518248
1795.873,1,517842
1797.698,1,518221
1799.523,1,517264
1801.347,1,517557
1803.171,1,518498
1804.994,1,517517
1806.817,1,517617
1808.639,1,518137
1810.461,1,519028
1812.283,1,519779
1814.104,1,520855
1815.925,1,521558
1817.745,1,522686
1819.565,1,524659
1821.384,1,524856
1823.203,1,527069
1825.022,1,527482
1826.840,1,528883
1828.658,1,530868
1830.476,1,532938
1832.293,1,534033
1834.109,1,537226
1835.925,1,537545
1837.741,1,540526
1839.557,1,542546
1841.372,1,544497
1843.186,1,546302
1845.000,1,549145
1846.814,1,550170
1848.627,1,552207
1850.440,1,554575
1852.253,1,556866
1854.065,1,559670
1855.876,1,561123
1857.687,1,563100
1859.498,1,564930
1861.309,1,565550
1863.119,1,568529
1864.928,1,569320
1866.737,1,570716
1868.546,1,573287
1870.354,1,574924
1872.162,1,577203
1873.970,1,578396
1875.777,1,579382
1877.584,1,580032
1879.390,1,582103
1881.196,1,581986
1883.001,1,584547
1884.806,1,584670
1886.611,1,585446
1888.415,1,585983
1890.219,1,586765
1892.022,1,588471
1893.825,1,588314
1895.628,1,589011
1897.430,1,589632
1899.232,1,590388
1901.033,1,590289
1902.834,1,591580
1904.634,1,592131
1906.434,1,592347
1908.234,1,592625
1910.033,1,591543
1911.832,1,593484
1913.631,1,593565
1915.429,1,593208
1917.226,1,593325
1919.024,1,593811
1920.821,1,593596
1922.617,1,593489
1924.413,1,592861
1926.209,1,594394
1928.004,1,593842
1929.799,1,594494
1931.593,1,593683
1933.387,1,593568
1935.180,1,593335
1936.974,1,594425
1938.766,1,594003
1940.559,1,594527
1942.351,1,594310
1944.142,1,594919
1945.933,1,594504
1947.724,1,594211
1949.514,1,592220
1951.304,1,593984
1953.094,1,593980
1954.883,1,591850
1956.672,1,593748
1958.460,1,593014
1960.248,1,592747
1962.035,1,592967
1963.822,1,592604
1965.609,1,591898
1967.395,1,591029
1969.181,1,591681
1970.967,1,591859
1972.752,1,591229
1974.536,1,591890
1976.320,1,590937
1978.104,1,591848
1979.888,1,591150
1981.671,1,591450
1983.453,1,591277
1985.236,1,591257
1987.017,1,591212
1988.799,1,592310
1990.580,1,590869
1992.360,1,590508
1994.141,1,591124
1995.920,1,591731
1997.700,1,590932
1999.479,1,590909
2001.257,1,590510
2003.036,1,590656
2004.813,1,589766
2006.591,1,591171
2008.368,1,591632
2010.144,1,590116
2011.920,1,591405
2013.696,1,592242
2015.472,1,591605
2017.247,1,591567
2019.021,1,591968
2020.795,1,591992
2022.569,1,592542
2024.342,1,591803
2026.115,1,591504
2027.888,1,591594
2029.660,1,592356
2031.432,1,592466
2033.203,1,592843
2034.974,1,591227
2036.745,1,591705
2038.515,1,592798
2040.285,1,592067
2042.054,1,592247
2043.823,1,591760
2045.592,1,592733
2047.360,1,591718
2049.128,1,592526
2050.895,1,591692
2052.662,1,593348
2054.429,1,593490
2056.195,1,593340
2057.961,1,593726
2059.726,1,593121
2061.491,1,594275
2063.256,1,592959
2065.020,1,592640
2066.783,1,593079
2068.547,1,593953
2070.310,1,593125
2072.072,1,592870
2073.835,1,592945
2075.597,1,593157
2077.358,1,593230
2079.119,1,593010
2080.880,1,593724
2082.640,1,593820
2084.400,1,593509
2086.159,1,593387
2087.918,1,593971
2089.677,1,593948
2091.435,1,594191
2093.193,1,593165
2094.950,1,593745
2096.707,1,593265
2098.464,1,593268
2100.220,1,593488
2101.976,1,594230
2103.732,1,594632
2105.487,1,594347
2107.241,1,594266
2108.996,1,594084
2110.750,1,593834
2112.503,1,593544
2114.256,1,593519
2116.009,1,592150
2117.761,1,593282
2119.513,1,592981
2121.265,1,592852
2123.016,1,592927
2124.767,1,592439
2126.517,1,591534
2128.267,1,593080
2130.017,1,591116
2131.766,1,591417
2133.515,1,590999
2135.263,1,590300
2137.011,1,591782
2138.759,1,590520
2140.506,1,590880
2142.253,1,590601
2143.999,1,590397
2145.745,1,590946
2147.491,1,591040
2149.236,1,589940
2150.981,1,588569
2152.725,1,589629
2154.470,1,588334
2156.213,1,588048
2157.957,1,587475
2159.699,1,588641
2161.442,1,587048
2163.184,1,587248
2164.926,1,586732
2166.667,1,587115
2168.408,1,587032
2170.149,1,586347
2171.889,1,587500
2173.629,1,586619
2175.368,1,586022
2177.107,1,585645
2178.846,1,585381
2180.584,1,585090
2182.322,1,584114
2184.059,1,584771
2185.797,1,583116
2187.533,1,583620
2189.270,1,582685
2191.005,1,583258
2192.741,1,583561
2194.476,1,583140
2196.211,1,582343
2197.945,1,580979
2199.679,1,581507
2201.413,1,582101
2203.146,1,581534
2204.879,1,579277
2206.611,1,580104
2208.343,1,579932
2210.075,1,578492
2211.806,1,578549
2213.537,1,577108
2215.268,1,577097
2216.998,1,576609
2218.727,1,577363
2220.457,1,576818
2222.186,1,575436
2223.914,1,575289
2225.643,1,575593
2227.370,1,572897
2229.098,1,573635
2230.825,1,572151
2232.551,1,571534
2234.278,1,571579
2236.004,1,569775
2237.729,1,570099
2239.454,1,570392
2241.179,1,567285
2242.903,1,568328
2244.627,1,567372
2246.351,1,565917
2248.074,1,565790
2249.797,1,564580
2251.519,1,564241
2253.241,1,562726
2254.963,1,561595
2256.684,1,560519
2258.405,1,559598
2260.125,1,559187
2261.846,1,558254
2263.565,1,557772
2265.285,1,556405
2267.004,1,555338
2268.722,1,555188
2270.440,1,553465
2272.158,1,553292
2273.876,1,551903
2275.593,1,550967
2277.309,1,549441
2279.026,1,549629
2280.742,1,547920
2282.457,1,545933
2284.172,1,546988
2285.887,1,546073
2287.602,1,544953
2289.316,1,543914
2291.029,1,542813
2292.742,1,542249
2294.455,1,541715
2296.168,1,540082
2297.880,1,539892
2299.592,1,540152
2301.303,1,538941
2303.014,1,538262
2304.725,1,537773
2306.435,1,537590
2308.145,1,536195
2309.854,1,536131
2311.563,1,535779
2313.272,1,535864
2314.980,1,534942
2316.688,1,534541
2318.396,1,533982
2320.103,1,533903
2321.810,1,533545
2323.516,1,533919
2325.222,1,534327
2326.928,1,532632
2328.633,1,532894
2330.338,1,532386
2332.042,1,532184
2333.747,1,532725
2335.450,1,532423
2337.154,1,531693
2338.857,1,532479
2340.559,1,531502
2342.262,1,532715
2343.964,1,531917
2345.665,1,532408
2347.366,1,532730
2349.067,1,531906
2350.767,1,531904
2352.467,1,531995
2354.167,1,532293
2355.866,1,531888
2357.565,1,532470
2359.264,1,531095
2360.962,1,532407
2362.660,1,532160
2364.357,1,532331
2366.054,1,533331
2367.751,1,532549
2369.447,1,533089
2371.143,1,532711
2372.838,1,532784
2374.533,1,532832
2376.228,1,532664
2377.923,1,533829
2379.617,1,533376
2381.310,1,533228
2383.003,1,533196
2384.696,1,533344
2386.389,1,534222
2388.081,1,531948
2389.773,1,533519
2391.464,1,532839
2393.155,1,533116
2394.846,1,533912
2396.536,1,532647
2398.226,1,532957
2399.916,1,533061
2401.605,1,532650
2403.294,1,532697
2404.982,1,532183
2406.670,1,532514
2408.358,1,533037
2410.045,1,532505
2411.732,1,532914
2413.418,1,533047
2415.105,1,531980
2416.790,1,531948
2418.476,1,532088
2420.161,1,531928
2421.846,1,531865
2423.530,1,532569
2425.214,1,532848
2426.897,1,532094
2428.581,1,531072
2430.264,1,531384
2431.946,1,531904
2433.628,1,531066
2435.310,1,531936
2436.991,1,532045
2438.672,1,531173
2440.353,1,531107
2442.033,1,530560
2443.713,1,530991
2445.392,1,529837
2447.072,1,530200
2448.750,1,530164
2450.429,1,530402
2452.107,1,529729
2453.785,1,529929
2455.462,1,528981
2457.139,1,528881
2458.815,1,528829
2460.491,1,528340
2462.167,1,529459
2463.843,1,528302
2465.518,1,527465
2467.193,1,528401
2468.867,1,526988
2470.541,1,528370
2472.215,1,527587
2473.888,1,526963
2475.561,1,526529
2477.233,1,526527
2478.905,1,525130
2480.577,1,526630
2482.249,1,525355
2483.920,1,525750
2485.590,1,524627
2487.261,1,523117
2488.931,1,524851
2490.600,1,525145
2492.269,1,523382
2493.938,1,523165
2495.607,1,522495
2497.275,1,522918
2498.943,1,521094
2500.610,1,521389
2502.277,1,522396
2503.944,1,521454
2505.610,1,521450
2507.276,1,520520
2508.942,1,521395
2510.607,1,521071
2512.272,1,519530
2513.936,1,519637
2515.600,1,519257
2517.264,1,519836
2518.927,1,518016
2520.590,1,518140
2522.253,1,517512
2523.915,1,516711
2525.577,1,517990
2527.239,1,516145
2528.900,1,516160
2530.561,1,516623
2532.221,1,517322
2533.881,1,516071
2535.541,1,516052
2537.200,1,515546
2538.859,1,515067
2540.518,1,514045
2542.176,1,515257
2543.834,1,515407
2545.492,1,514489
2547.149,1,514833
2548.806,1,513546
2550.462,1,513741
2552.119,1,514343
2553.774,1,513395
2555.430,1,515296
2557.085,1,514246
2558.740,1,513865
2560.394,1,514469
2562.048,1,512818
2563.701,1,513669
2565.355,1,513129
2567.007,1,512774
2568.660,1,512990
2570.312,1,512679
2571.964,1,513074
2573.615,1,512044
2575.266,1,512440
2576.917,1,512335
2578.568,1,512935
2580.218,1,511862
2581.867,1,511760
2583.516,1,512605
2585.165,1,513185
2586.814,1,511908
2588.462,1,512364
2590.110,1,512264
2591.757,1,511816
2593.405,1,511944
2595.051,1,512250
2596.698,1,511455
2598.344,1,511357
2599.989,1,511858
2601.635,1,510516
2603.280,1,510730
2604.924,1,511231
2606.569,1,511599
2608.212,1,511074
2609.856,1,511112
2611.499,1,511385
2613.142,1,511914
2614.784,1,511950
2616.427,1,513755
2618.068,1,513382
2619.710,1,512823
2621.351,1,514012
2622.991,1,512945
2624.632,1,514789
2626.272,1,515334
2627.911,1,514330
2629.551,1,514221
2631.190,1,512987
2632.828,1,513226
2634.466,1,510933
2636.104,1,511021
2637.742,1,511872
2639.379,1,510017
2641.015,1,510245
2642.652,1,509408
2644.288,1,510336
2645.924,1,508954
2647.559,1,509379
2649.194,1,510525
2650.829,1,508315
2652.463,1,509096
2654.097,1,508405
2655.730,1,508302
2657.364,1,507244
2658.996,1,508697
2660.629,1,508253
2662.261,1,507206
2663.893,1,507902
2665.524,1,507648
2667.155,1,506159
2668.786,1,503632
2670.417,1,505358
2672.047,1,504729
2673.676,1,505547
2675.306,1,504263
2676.935,1,504900
2678.563,1,504176
2680.192,1,504723
2681.819,1,504427
2683.447,1,503810
2685.074,1,503764
2686.701,1,502867
2688.328,1,503704
2689.954,1,503395
2691.580,1,502946
2693.205,1,503064
2694.830,1,502092
2696.455,1,502665
2698.079,1,502882
2699.703,1,501560
2701.327,1,502599
2702.950,1,501692
2704.573,1,501413
2706.196,1,501991
2707.818,1,502316
2709.440,1,501492
2711.062,1,502024
2712.683,1,503004
2714.304,1,502524
2715.924,1,502117
2717.545,1,504007
2719.164,1,503480
