188.820,1,249208
191.024,1,242604
193.227,1,238275
195.430,1,235728
197.632,1,232359
199.833,1,228456
202.034,1,224909
204.235,1,220765
206.435,1,217360
208.634,1,213809
210.833,1,209479
213.031,1,205532
215.229,1,202080
217.426,1,197840
219.623,1,194229
221.819,1,190428
224.015,1,186637
226.210,1,183447
228.404,1,179525
230.598,1,176204
232.792,1,172928
234.984,1,170155
237.177,1,166738
239.368,1,164272
241.560,1,161287
243.750,1,158163
245.940,1,155898
248.130,1,153724
250.319,1,151487
252.507,1,149412
254.695,1,147072
256.883,1,144840
259.069,1,142986
261.256,1,141111
263.441,1,139082
265.627,1,137213
267.811,1,135453
269.995,1,133735
272.179,1,131894
274.362,1,129669
276.544,1,128054
278.726,1,126073
280.908,1,124677
283.088,1,122494
285.269,1,120905
287.448,1,118970
289.628,1,117484
291.806,1,116170
293.984,1,114890
296.162,1,113493
298.339,1,112379
300.515,1,111241
302.691,1,109947
304.867,1,108706
307.042,1,107549
309.216,1,106610
311.390,1,105519
313.563,1,104825
315.736,1,104458
317.908,1,103681
320.080,1,103269
322.251,1,102859
324.421,1,102406
326.591,1,102200
328.761,1,101803
330.930,1,101558
333.098,1,101164
335.266,1,100978
337.433,1,101247
339.600,1,101072
341.766,1,101025
343.932,1,101231
346.097,1,101215
348.262,1,101230
350.426,1,100979
352.589,1,101327
354.752,1,101648
356.915,1,101571
359.077,1,101961
361.238,1,101821
363.399,1,102291
365.559,1,101855
367.719,1,102480
369.878,1,102140
372.037,1,102261
374.195,1,102374
376.353,1,102581
378.510,1,102307
380.667,1,102554
382.823,1,102743
384.978,1,102422
387.133,1,102545
389.288,1,102630
391.441,1,102330
393.595,1,102579
395.748,1,102819
397.900,1,102711
400.052,1,102678
402.203,1,102720
404.354,1,102728
406.504,1,102834
408.654,1,102951
410.803,1,102935
412.951,1,102932
415.099,1,103012
417.247,1,102585
419.394,1,102754
421.540,1,102741
423.686,1,102736
425.832,1,102927
427.977,1,103209
430.121,1,102634
432.265,1,102760
434.408,1,102942
436.551,1,102844
438.693,1,102563
440.835,1,102771
442.976,1,102639
445.117,1,102511
447.257,1,102566
449.396,1,102282
451.535,1,102187
453.674,1,102039
455.812,1,101750
457.949,1,101774
460.086,1,101823
462.223,1,101889
464.359,1,101605
466.494,1,101199
468.629,1,101267
470.763,1,101147
472.897,1,100830
475.030,1,100735
477.163,1,100273
479.295,1,100222
481.427,1,100275
483.558,1,100096
485.689,1,99712
487.819,1,99381
489.948,1,99386
492.078,1,99357
494.206,1,99475
496.334,1,98974
498.462,1,99074
500.589,1,98611
502.715,1,98592
504.841,1,98264
506.966,1,98214
509.091,1,98154
511.216,1,98426
513.339,1,98062
515.463,1,98203
517.586,1,97992
519.708,1,97968
521.830,1,97765
523.951,1,97447
526.072,1,97525
528.192,1,97269
530.311,1,97084
532.431,1,97000
534.549,1,96776
536.667,1,96379
538.785,1,96040
540.902,1,96196
543.019,1,95512
545.135,1,95490
547.250,1,95425
549.365,1,94988
551.480,1,95004
553.594,1,94413
555.707,1,94501
557.820,1,94141
559.932,1,93880
562.044,1,93818
564.156,1,93416
566.266,1,93303
568.377,1,93084
570.487,1,93220
572.596,1,92667
574.705,1,92631
576.813,1,92506
578.921,1,92584
581.028,1,92421
583.135,1,92354
585.241,1,92008
587.346,1,92063
589.452,1,91864
591.556,1,91680
593.660,1,91604
595.764,1,91482
597.867,1,91335
599.970,1,91196
602.072,1,90947
604.173,1,90735
606.274,1,90397
608.375,1,90539
610.475,1,90135
612.575,1,89872
614.674,1,89392
616.772,1,89998
618.870,1,89614
620.967,1,89417
623.064,1,89190
625.161,1,88849
627.257,1,88715
629.352,1,88479
631.447,1,88292
633.541,1,88339
635.635,1,87875
637.729,1,88284
639.822,1,87864
641.914,1,87783
644.006,1,88008
646.097,1,87571
648.188,1,87751
650.278,1,87459
652.368,1,87771
654.457,1,87748
656.546,1,87429
658.634,1,87532
660.722,1,87332
662.809,1,87450
664.896,1,87290
666.982,1,87187
669.068,1,87157
671.153,1,87244
673.238,1,86985
675.322,1,87032
677.406,1,87286
679.489,1,87037
681.572,1,87360
683.654,1,87104
685.736,1,87058
687.817,1,87144
689.897,1,87120
691.978,1,87000
694.057,1,86750
696.136,1,86662
698.215,1,86565
700.293,1,86300
702.371,1,86132
704.448,1,86430
706.524,1,86102
708.600,1,86399
710.676,1,86047
712.751,1,85800
714.826,1,85796
716.900,1,85486
718.973,1,85709
721.047,1,85278
723.119,1,85536
725.191,1,85166
727.263,1,85079
729.334,1,85003
731.404,1,84899
733.474,1,84629
735.544,1,84452
737.613,1,84610
739.682,1,84348
741.750,1,84080
743.817,1,84303
745.884,1,83988
747.951,1,83759
750.017,1,83811
752.082,1,83713
754.147,1,83551
756.212,1,83489
758.276,1,83304
760.340,1,83315
762.403,1,83301
764.465,1,83156
766.527,1,83059
768.589,1,82907
770.650,1,82595
772.710,1,82667
774.770,1,82433
776.830,1,82420
778.889,1,82663
780.948,1,82507
783.006,1,82451
785.063,1,82216
787.120,1,82225
789.177,1,82170
791.233,1,82038
793.288,1,81783
795.343,1,81734
797.398,1,81678
799.452,1,81451
801.506,1,81253
803.559,1,81358
805.611,1,81244
807.663,1,81120
809.715,1,81171
811.766,1,80884
813.817,1,81061
815.867,1,80697
817.916,1,80520
819.966,1,80612
822.014,1,80439
824.062,1,80428
826.110,1,80124
828.157,1,80345
830.204,1,80489
832.250,1,80221
834.296,1,80116
836.341,1,80083
838.385,1,79986
840.430,1,79907
842.473,1,79870
844.516,1,80043
846.559,1,79926
848.601,1,79715
850.643,1,79840
852.684,1,79934
854.725,1,79824
856.765,1,79983
858.805,1,80125
860.844,1,80196
862.883,1,80626
864.921,1,80594
866.959,1,81271
868.996,1,81846
871.033,1,82184
873.069,1,82695
875.105,1,82821
877.141,1,82683
879.175,1,82089
881.210,1,81301
883.244,1,80120
885.277,1,79228
887.310,1,78330
889.342,1,77261
891.374,1,76678
893.406,1,76274
895.437,1,75759
897.467,1,75408
899.497,1,75168
901.526,1,74884
903.555,1,74550
905.584,1,74206
907.612,1,74250
909.639,1,74092
911.666,1,73867
913.693,1,73536
915.719,1,73508
917.745,1,73460
919.770,1,73581
921.794,1,73463
923.818,1,73200
925.842,1,72999
927.865,1,72968
929.888,1,73200
931.910,1,72933
933.932,1,72761
935.953,1,72710
937.973,1,72758
939.994,1,72739
942.013,1,72649
944.033,1,72686
946.051,1,72364
948.070,1,72456
950.088,1,72322
952.105,1,72464
954.122,1,72532
956.138,1,72107
958.154,1,72437
960.169,1,72543
962.184,1,72521
964.199,1,72787
966.213,1,72991
968.226,1,73268
970.239,1,73621
972.252,1,74319
974.264,1,74728
976.275,1,75791
978.286,1,77206
980.297,1,78963
982.307,1,81136
984.316,1,83310
986.326,1,85363
988.334,1,86575
990.342,1,86196
992.350,1,84376
994.357,1,82037
996.364,1,79394
998.370,1,77305
1000.376,1,75633
1002.381,1,74406
1004.386,1,73504
1006.390,1,72627
1008.394,1,71864
1010.398,1,71512
1012.401,1,71110
1014.403,1,71109
1016.405,1,70644
1018.406,1,70440
1020.407,1,70470
1022.408,1,70562
1024.408,1,70238
1026.408,1,70325
1028.407,1,70513
1030.405,1,70412
1032.403,1,70198
1034.401,1,70322
1036.398,1,70023
1038.395,1,70232
1040.391,1,69989
1042.387,1,70402
1044.382,1,70422
1046.377,1,70605
1048.371,1,70572
1050.365,1,70686
1052.358,1,71020
1054.351,1,71145
1056.344,1,71400
1058.336,1,71699
1060.327,1,72076
1062.318,1,72399
1064.309,1,73106
1066.299,1,73878
1068.288,1,74377
1070.277,1,75100
1072.266,1,75985
1074.254,1,76255
1076.242,1,76484
1078.229,1,76434
1080.216,1,75651
1082.202,1,74850
1084.188,1,74042
1086.173,1,73154
1088.158,1,72576
1090.142,1,72053
1092.126,1,71641
1094.110,1,71110
1096.093,1,70900
1098.075,1,70528
1100.057,1,70318
1102.039,1,70344
1104.020,1,70054
1106.000,1,70131
1107.980,1,69776
1109.960,1,69538
1111.939,1,69348
1113.918,1,69608
1115.896,1,69498
1117.874,1,69274
1119.851,1,69255
1121.828,1,69185
1123.805,1,69261
1125.781,1,69254
1127.756,1,69062
1129.731,1,69107
1131.705,1,69360
1133.679,1,69219
1135.653,1,69074
1137.626,1,68864
1139.599,1,69088
1141.571,1,69065
1143.543,1,68904
1145.514,1,69028
1147.485,1,69280
1149.455,1,69154
1151.425,1,68944
1153.394,1,69130
1155.363,1,69288
1157.331,1,69168
1159.299,1,68890
1161.267,1,69124
1163.234,1,69048
1165.201,1,68896
1167.167,1,68854
1169.132,1,69059
1171.097,1,68830
1173.062,1,68724
1175.026,1,68860
1176.990,1,68747
1178.954,1,68746
1180.916,1,68787
1182.879,1,68660
1184.841,1,68567
1186.802,1,68622
1188.763,1,68701
1190.724,1,68517
1192.684,1,68572
1194.643,1,68623
1196.602,1,68648
1198.561,1,68394
1200.519,1,68526
1202.477,1,68471
1204.434,1,68600
1206.391,1,68626
1208.348,1,68537
1210.304,1,68636
1212.259,1,68628
1214.214,1,68375
1216.169,1,68475
1218.123,1,68558
1220.076,1,68360
1222.029,1,68305
1223.982,1,68308
1225.934,1,68409
1227.886,1,68517
1229.837,1,68533
1231.788,1,68218
1233.739,1,68326
1235.688,1,68338
1237.638,1,68659
1239.587,1,68198
1241.535,1,68319
1243.484,1,68351
1245.431,1,68340
1247.378,1,68541
1249.325,1,68401
1251.271,1,68344
1253.217,1,68455
1255.162,1,68341
1257.107,1,68133
1259.052,1,68219
1260.996,1,68300
1262.939,1,68395
1264.882,1,68320
1266.825,1,68723
1268.767,1,68445
1270.709,1,68177
1272.650,1,68231
1274.591,1,68236
1276.531,1,68104
1278.471,1,68352
1280.410,1,68184
1282.349,1,68248
1284.288,1,68221
1286.226,1,68287
1288.163,1,68153
1290.100,1,68123
1292.037,1,68004
1293.973,1,68232
1295.909,1,68205
1297.844,1,68006
1299.779,1,68100
1301.714,1,67979
1303.647,1,67984
1305.581,1,68247
1307.514,1,68001
1309.447,1,68103
1311.379,1,68004
1313.310,1,68293
1315.242,1,68123
1317.172,1,68128
1319.103,1,68138
1321.032,1,68010
1322.962,1,68015
1324.891,1,68027
1326.819,1,68075
1328.747,1,68001
1330.675,1,67981
1332.602,1,67834
1334.529,1,67982
1336.455,1,67852
1338.381,1,68056
1340.306,1,68047
1342.231,1,67982
1344.156,1,67980
1346.080,1,67817
1348.003,1,57154
1349.926,1,67827
1351.849,1,67684
1353.771,1,67867
1355.693,1,67888
1357.614,1,67886
1359.535,1,67742
1361.455,1,67715
1363.375,1,67796
1365.295,1,67852
1367.214,1,67735
1369.132,1,67785
1371.051,1,67747
1372.968,1,67982
1374.885,1,67799
1376.802,1,67953
1378.719,1,67695
1380.635,1,67792
1382.550,1,67784
1384.465,1,67928
1386.380,1,67882
1388.294,1,67752
1390.207,1,67763
1392.121,1,67731
1394.033,1,67748
1395.946,1,67832
1397.858,1,67860
1399.769,1,67732
1401.680,1,67876
1403.591,1,67767
1405.501,1,68007
1407.410,1,67874
1409.320,1,67918
1411.228,1,67754
1413.137,1,67999
1415.045,1,67847
1416.952,1,67824
1418.859,1,67869
1420.766,1,67827
1422.672,1,68003
1424.577,1,67827
1426.483,1,68036
1428.387,1,67815
1430.292,1,68086
1432.196,1,67811
1434.099,1,68092
1436.002,1,68073
1437.905,1,67747
1439.807,1,67926
1441.708,1,68133
1443.610,1,68101
1445.510,1,68089
1447.411,1,68177
1449.311,1,68148
1451.210,1,68183
1453.109,1,68171
1455.008,1,68152
1456.906,1,68219
1458.803,1,68315
1460.701,1,68302
1462.597,1,68273
1464.494,1,68119
1466.390,1,68358
1468.285,1,68325
1470.180,1,68182
1472.075,1,68361
1473.969,1,68348
1475.863,1,68586
1477.756,1,68381
1479.649,1,68577
1481.541,1,68512
1483.433,1,68545
1485.325,1,68603
1487.216,1,68720
1489.107,1,68719
1490.997,1,68883
1492.887,1,69096
1494.776,1,69136
1496.665,1,69130
1498.553,1,69063
1500.441,1,69280
1502.329,1,69369
1504.216,1,69385
1506.103,1,69524
1507.989,1,69531
1509.875,1,69815
1511.760,1,69836
1513.645,1,70064
1515.530,1,70080
1517.414,1,69912
1519.297,1,70311
1521.181,1,70356
1523.063,1,70612
1524.946,1,70628
1526.828,1,70583
1528.709,1,70973
1530.590,1,70798
1532.471,1,71285
1534.351,1,71313
1536.231,1,71484
1538.110,1,71523
1539.989,1,71587
1541.867,1,71889
1543.745,1,72277
1545.623,1,72495
1547.500,1,72610
1549.377,1,72853
1551.253,1,73074
1553.129,1,73251
1555.004,1,73596
1556.879,1,73787
1558.754,1,74030
1560.628,1,74572
1562.501,1,74695
1564.374,1,74876
1566.247,1,75151
1568.120,1,75768
1569.992,1,76056
1571.863,1,76560
1573.734,1,76794
1575.605,1,77215
1577.475,1,77808
1579.345,1,78210
1581.214,1,78579
1583.083,1,78982
1584.951,1,79489
1586.819,1,80188
1588.687,1,80219
1590.554,1,81030
1592.421,1,81620
1594.287,1,81978
1596.153,1,82607
1598.019,1,83196
1599.884,1,83931
1601.748,1,84258
1603.612,1,84963
1605.476,1,85503
1607.339,1,86207
1609.202,1,86642
1611.065,1,87056
1612.927,1,87598
1614.788,1,88041
1616.650,1,88629
1618.510,1,89209
1620.371,1,89481
1622.230,1,90001
1624.090,1,90353
1625.949,1,90501
1627.808,1,90593
1629.666,1,90820
1631.523,1,91166
1633.381,1,91064
1635.238,1,91059
1637.094,1,90990
1638.950,1,90367
1640.806,1,90562
1642.661,1,90468
1644.516,1,90062
1646.370,1,89634
1648.224,1,89398
1650.077,1,89028
1651.930,1,88602
1653.783,1,88313
1655.635,1,87710
1657.487,1,86786
1659.338,1,86514
1661.189,1,86186
1663.040,1,85613
1664.890,1,84795
1666.739,1,83918
1668.589,1,83446
1670.437,1,82949
1672.286,1,82306
1674.134,1,81810
1675.981,1,81204
1677.828,1,80574
1679.675,1,79765
1681.521,1,79209
1683.367,1,78724
1685.213,1,77584
1687.058,1,77221
1688.902,1,76675
1690.746,1,76048
1692.590,1,75199
1694.433,1,74808
1696.276,1,74119
1698.119,1,73520
1699.961,1,72642
1701.802,1,72655
1703.643,1,71904
1705.484,1,71352
1707.324,1,70844
1709.164,1,69957
1711.004,1,69975
1712.843,1,69155
1714.682,1,69205
1716.520,1,68674
1718.358,1,68375
1720.195,1,67850
1722.032,1,67443
1723.869,1,67167
1725.705,1,66853
1727.540,1,66570
1729.376,1,66068
1731.211,1,65886
1733.045,1,65563
1734.879,1,65424
1736.713,1,65053
1738.546,1,65026
1740.379,1,64520
1742.211,1,64480
1744.043,1,64284
1745.874,1,64125
1747.706,1,63843
1749.536,1,63771
1751.367,1,63312
1753.196,1,63282
1755.026,1,63079
1756.855,1,63024
1758.683,1,62665
1760.512,1,62444
1762.339,1,62395
1764.167,1,62273
1765.994,1,62158
1767.820,1,61940
1769.646,1,61782
1771.472,1,61911
1773.297,1,61718
1775.122,1,61475
1776.946,1,61314
1778.770,1,61164
1780.594,1,61128
1782.417,1,60985
1784.240,1,61099
1786.062,1,61109
1787.884,1,60688
1789.706,1,60859
1791.527,1,60694
1793.348,1,60528
1795.168,1,60469
1796.988,1,60384
1798.807,1,60567
1800.626,1,60357
1802.445,1,60347
1804.263,1,60178
1806.081,1,60268
1807.898,1,60222
1809.715,1,60170
1811.532,1,60109
1813.348,1,60054
1815.164,1,60326
1816.979,1,60061
1818.794,1,60141
1820.608,1,60084
1822.422,1,60122
1824.236,1,60092
1826.049,1,60082
1827.862,1,60177
1829.674,1,60198
1831.486,1,60095
1833.298,1,60227
1835.109,1,60131
1836.920,1,60266
1838.730,1,60183
1840.540,1,60277
1842.350,1,60286
1844.159,1,60235
1845.968,1,60183
1847.776,1,60208
1849.584,1,60231
1851.391,1,60383
1853.198,1,60216
1855.005,1,60475
1856.811,1,60351
1858.617,1,60334
1860.423,1,60292
1862.228,1,60522
1864.032,1,60572
1865.837,1,60365
1867.640,1,60620
1869.444,1,60579
1871.247,1,60513
1873.049,1,60624
1874.852,1,60436
1876.653,1,60549
1878.455,1,60658
1880.256,1,60742
1882.056,1,60682
1883.856,1,60704
1885.656,1,60729
1887.455,1,60752
1889.254,1,60897
1891.053,1,60827
1892.851,1,60830
1894.648,1,60804
1896.446,1,60891
1898.243,1,60922
1900.039,1,60858
1901.835,1,61131
1903.631,1,61056
1905.426,1,61162
1907.221,1,61126
1909.015,1,60998
1910.809,1,61345
1912.603,1,61296
1914.396,1,61458
1916.189,1,61428
1917.981,1,61357
1919.773,1,61418
1921.565,1,61393
1923.356,1,61665
1925.147,1,61673
1926.937,1,61582
1928.727,1,61667
1930.517,1,61669
1932.306,1,61705
1934.095,1,61766
1935.883,1,61814
1937.671,1,62026
1939.459,1,62314
1941.246,1,62071
1943.033,1,62300
1944.819,1,62065
1946.605,1,62229
1948.390,1,62302
1950.176,1,62241
1951.960,1,62585
1953.745,1,62551
1955.529,1,62672
1957.312,1,62475
1959.095,1,62834
1960.878,1,62922
1962.660,1,62859
1964.442,1,62943
1966.224,1,63069
1968.005,1,63021
1969.785,1,63135
1971.566,1,63284
1973.346,1,63398
1975.125,1,63502
1976.904,1,63630
1978.683,1,63431
1980.461,1,63930
1982.239,1,63939
1984.017,1,64020
1985.794,1,64019
1987.571,1,64108
1989.347,1,64229
1991.123,1,64439
1992.898,1,64404
1994.673,1,64580
1996.448,1,64692
1998.222,1,64754
1999.996,1,64800
2001.770,1,64871
2003.543,1,65070
2005.316,1,65133
2007.088,1,65158
2008.860,1,65278
2010.631,1,65552
2012.403,1,65546
2014.173,1,65474
2015.944,1,65816
2017.714,1,65837
2019.483,1,65912
2021.252,1,66113
2023.021,1,66229
2024.789,1,66172
2026.557,1,66437
2028.325,1,66533
2030.092,1,66528
2031.859,1,66659
2033.625,1,66541
2035.391,1,66714
2037.157,1,66898
2038.922,1,67047
2040.687,1,67170
2042.451,1,67152
2044.215,1,67432
2045.978,1,67145
2047.742,1,67287
2049.504,1,67555
2051.267,1,67811
2053.029,1,67581
2054.790,1,67905
2056.552,1,67938
2058.313,1,67860
2060.073,1,67938
2061.833,1,68062
2063.593,1,68167
2065.352,1,68325
2067.111,1,68318
2068.869,1,68572
2070.627,1,68749
2072.385,1,68763
2074.142,1,68651
2075.899,1,68683
2077.656,1,68983
2079.412,1,69014
2081.167,1,68777
2082.923,1,68901
2084.678,1,68921
2086.432,1,69080
2088.186,1,69139
2089.940,1,69340
2091.693,1,69167
2093.446,1,69297
2095.199,1,69222
2096.951,1,69569
2098.703,1,69260
2100.454,1,69354
2102.205,1,69620
2103.956,1,69625
2105.706,1,69525
2107.456,1,69662
2109.205,1,69554
2110.954,1,69621
2112.703,1,69667
2114.451,1,69710
2116.199,1,69660
2117.947,1,69521
2119.694,1,69563
2121.440,1,70019
2123.187,1,69818
2124.933,1,69758
2126.678,1,69814
2128.423,1,69624
2130.168,1,69653
2131.912,1,69661
2133.656,1,69690
2135.400,1,69732
2137.143,1,69479
2138.886,1,69667
2140.629,1,69604
2142.371,1,69426
2144.112,1,69322
2145.853,1,69459
2147.594,1,69602
2149.335,1,69428
2151.075,1,69321
2152.815,1,69357
2154.554,1,69382
2156.293,1,69323
2158.031,1,69108
2159.770,1,69217
2161.507,1,69096
2163.245,1,69004
2164.982,1,69007
2166.718,1,69069
2168.455,1,68787
2170.190,1,68775
2171.926,1,68890
2173.661,1,68774
2175.396,1,68712
2177.130,1,68547
2178.864,1,68669
2180.597,1,68488
2182.331,1,68414
2184.063,1,68471
2185.796,1,68435
2187.528,1,68264
2189.259,1,68315
2190.990,1,68195
2192.721,1,68159
2194.452,1,68134
2196.182,1,67989
2197.911,1,67779
2199.641,1,67705
2201.370,1,67662
2203.098,1,67381
2204.826,1,67315
2206.554,1,67394
2208.281,1,67122
2210.008,1,67457
2211.735,1,67143
2213.461,1,67123
2215.187,1,66929
2216.913,1,66995
2218.638,1,67009
2220.362,1,66842
2222.087,1,66658
2223.811,1,66678
2225.534,1,66509
2227.257,1,66435
2228.980,1,66193
2230.703,1,66294
2232.425,1,66302
2234.146,1,66162
2235.867,1,65926
2237.588,1,65936
2239.309,1,65957
2241.029,1,65921
2242.749,1,65806
2244.468,1,65596
2246.187,1,65567
2247.906,1,65524
2249.624,1,65567
2251.342,1,65332
2253.059,1,65221
2254.776,1,65021
2256.493,1,65294
2258.209,1,64969
2259.925,1,64841
2261.641,1,64938
2263.356,1,64781
2265.071,1,64796
2266.785,1,64613
2268.499,1,64543
2270.213,1,64771
2271.926,1,64328
2273.639,1,64452
2275.351,1,64312
2277.064,1,64280
2278.775,1,64126
2280.487,1,63995
2282.198,1,64007
2283.908,1,63990
2285.619,1,63697
2287.328,1,63900
2289.038,1,63910
2290.747,1,63542
2292.456,1,63597
2294.164,1,63508
2295.872,1,63452
2297.580,1,63346
2299.287,1,63302
2300.994,1,63464
2302.700,1,63408
2304.406,1,63274
2306.112,1,63292
2307.818,1,63080
2309.523,1,62951
2311.227,1,62903
2312.931,1,62957
2314.635,1,63064
2316.339,1,62996
2318.042,1,62972
2319.745,1,63067
2321.447,1,63049
2323.149,1,63041
2324.850,1,62617
2326.552,1,62631
2328.253,1,62740
2329.953,1,62500
2331.653,1,62417
2333.353,1,62325
2335.052,1,62506
2336.751,1,62406
2338.450,1,62342
2340.148,1,62027
2341.846,1,62253
2343.543,1,62225
2345.240,1,62260
2346.937,1,62041
2348.634,1,62070
2350.330,1,62117
2352.025,1,62026
2353.720,1,62011
2355.415,1,61991
2357.110,1,61986
2358.804,1,61944
2360.498,1,61924
2362.191,1,61665
2363.884,1,61952
2365.577,1,61810
2367.269,1,61895
2368.961,1,61837
2370.652,1,61596
2372.343,1,61702
2374.034,1,61532
2375.725,1,61556
2377.415,1,61778
2379.104,1,61584
2380.794,1,61590
2382.483,1,61574
2384.171,1,61641
2385.859,1,61674
2387.547,1,61631
2389.235,1,61526
2390.922,1,61335
2392.608,1,61479
2394.295,1,61470
2395.981,1,61267
2397.666,1,61324
2399.351,1,61586
2401.036,1,61319
2402.721,1,61293
2404.405,1,61272
2406.089,1,61413
2407.772,1,61195
2409.455,1,61319
2411.138,1,61199
2412.820,1,61198
2414.502,1,60992
2416.183,1,61183
2417.865,1,61102
2419.545,1,61134
2421.226,1,61159
2422.906,1,61138
2424.586,1,60928
2426.265,1,61190
2427.944,1,61170
2429.622,1,61082
2431.301,1,60935
2432.979,1,61009
2434.656,1,60931
2436.333,1,61013
2438.010,1,60988
2439.686,1,61050
2441.362,1,60759
2443.038,1,60753
2444.713,1,60869
2446.388,1,60937
2448.063,1,60852
2449.737,1,60861
2451.411,1,60863
2453.084,1,60767
2454.757,1,60705
2456.430,1,60772
2458.102,1,60888
2459.774,1,60935
2461.446,1,60638
2463.117,1,60824
2464.788,1,60560
2466.459,1,60699
2468.129,1,60682
2469.799,1,60771
2471.468,1,60655
2473.137,1,60710
2474.806,1,60615
2476.474,1,60468
2478.142,1,60461
2479.810,1,60500
2481.477,1,60565
2483.144,1,60740
2484.811,1,60597
2486.477,1,60517
2488.143,1,60623
2489.808,1,60591
2491.473,1,60490
2493.138,1,60533
2494.802,1,60651
2496.466,1,60552
2498.130,1,60472
2499.793,1,60606
2501.456,1,60441
2503.119,1,60508
2504.781,1,60441
2506.443,1,60419
2508.104,1,60495
2509.765,1,60490
2511.426,1,60465
2513.086,1,60412
2514.746,1,60346
2516.406,1,60437
2518.065,1,60540
2519.724,1,60499
2521.383,1,60405
2523.041,1,60444
2524.699,1,60256
2526.356,1,60401
2528.014,1,60327
2529.670,1,60334
2531.327,1,60354
2532.983,1,60229
2534.638,1,60374
2536.294,1,60349
2537.949,1,60418
2539.603,1,60137
2541.258,1,60334
2542.912,1,60363
2544.565,1,60341
2546.218,1,60433
2547.871,1,60286
2549.523,1,60404
2551.176,1,60364
2552.827,1,60417
2554.479,1,60371
2556.130,1,60265
2557.780,1,60265
2559.431,1,60347
2561.081,1,60512
2562.730,1,60315
2564.379,1,60380
2566.028,1,60548
2567.677,1,60345
2569.325,1,60559
2570.973,1,60505
2572.620,1,60418
2574.267,1,60434
2575.914,1,60513
2577.560,1,60450
2579.206,1,60367
2580.852,1,60567
2582.497,1,60422
2584.142,1,60481
2585.787,1,60543
2587.431,1,60530
2589.075,1,60577
2590.719,1,60419
2592.362,1,60540
2594.005,1,60525
2595.647,1,60658
2597.289,1,60589
2598.931,1,60463
2600.572,1,60571
2602.213,1,60607
2603.854,1,60695
2605.494,1,60598
2607.134,1,60697
2608.774,1,60927
2610.413,1,61111
2612.052,1,61429
2613.691,1,61423
2615.329,1,61294
2616.967,1,61470
2618.604,1,61531
2620.241,1,61812
2621.878,1,61897
2623.514,1,61992
2625.151,1,61720
2626.786,1,61698
2628.422,1,61762
2630.057,1,61620
2631.691,1,61608
2633.326,1,61549
2634.960,1,61594
2636.593,1,61701
2638.226,1,61698
2639.859,1,61574
2641.492,1,61686
2643.124,1,61730
2644.756,1,61820
2646.387,1,61666
2648.018,1,61810
2649.649,1,61810
2651.280,1,62067
2652.910,1,61964
2654.540,1,62112
2656.169,1,62081
2657.798,1,62258
2659.427,1,62210
2661.055,1,62423
2662.683,1,62302
2664.311,1,62393
2665.938,1,62243
2667.565,1,62706
2669.191,1,62618
2670.818,1,63012
2672.443,1,62783
2674.069,1,62939
2675.694,1,63046
2677.319,1,63142
2678.943,1,63194
2680.567,1,63130
2682.191,1,63258
2683.815,1,63475
2685.438,1,63291
2687.060,1,63499
2688.683,1,63735
2690.305,1,63899
2691.927,1,63810
2693.548,1,64064
2695.169,1,64205
2696.789,1,64165
2698.410,1,64431
2700.030,1,64725
2701.649,1,64701
2703.269,1,64703
2704.887,1,65033
2706.506,1,65103
2708.124,1,65256
2709.742,1,65328
2711.359,1,65473
2712.977,1,65449
2714.593,1,65802
2716.210,1,65942
