188.820,1,492658
191.024,1,480508
193.227,1,473723
195.430,1,470001
197.632,1,464686
199.833,1,458878
202.034,1,453282
204.235,1,448375
206.435,1,441790
208.634,1,437212
210.833,1,430161
213.031,1,423282
215.229,1,416504
217.426,1,408782
219.623,1,402517
221.819,1,395188
224.015,1,389382
226.210,1,382726
228.404,1,376294
230.598,1,369403
232.792,1,363687
234.984,1,355620
237.177,1,348769
239.368,1,343383
241.560,1,339578
243.750,1,334682
245.940,1,330798
248.130,1,326225
250.319,1,321785
252.507,1,317449
254.695,1,311507
256.883,1,305792
259.069,1,302453
261.256,1,298925
263.441,1,296267
265.627,1,293549
267.811,1,289903
269.995,1,286964
272.179,1,282453
274.362,1,278844
276.544,1,275230
278.726,1,273347
280.908,1,269451
283.088,1,265616
285.269,1,262633
287.448,1,259989
289.628,1,257249
291.806,1,253562
293.984,1,250320
296.162,1,245815
298.339,1,242779
300.515,1,239375
302.691,1,237038
304.867,1,234725
307.042,1,232863
309.216,1,230748
311.390,1,227582
313.563,1,224871
315.736,1,223481
317.908,1,221631
320.080,1,219373
322.251,1,217914
324.421,1,217548
326.591,1,216914
328.761,1,215290
330.930,1,214522
333.098,1,212924
335.266,1,212057
337.433,1,211645
339.600,1,211124
341.766,1,210450
343.932,1,210491
346.097,1,210365
348.262,1,210133
350.426,1,210515
352.589,1,209482
354.752,1,209183
356.915,1,209269
359.077,1,208691
361.238,1,209018
363.399,1,209402
365.559,1,208868
367.719,1,209495
369.878,1,209494
372.037,1,210153
374.195,1,211059
376.353,1,210892
378.510,1,210639
380.667,1,210481
382.823,1,210823
384.978,1,209918
387.133,1,210102
389.288,1,210326
391.441,1,209886
393.595,1,209712
395.748,1,210446
397.900,1,210969
400.052,1,210549
402.203,1,210535
404.354,1,210548
406.504,1,211741
408.654,1,211385
410.803,1,210956
412.951,1,209590
415.099,1,209355
417.247,1,209157
419.394,1,209331
421.540,1,208366
423.686,1,208762
425.832,1,208469
427.977,1,208388
430.121,1,208472
432.265,1,207855
434.408,1,208545
436.551,1,208314
438.693,1,208318
440.835,1,208137
442.976,1,207981
445.117,1,207589
447.257,1,207389
449.396,1,207323
451.535,1,206950
453.674,1,206713
455.812,1,206042
457.949,1,206050
460.086,1,205525
462.223,1,204992
464.359,1,204813
466.494,1,204152
468.629,1,203286
470.763,1,203662
472.897,1,203130
475.030,1,202759
477.163,1,202769
479.295,1,201970
481.427,1,201460
483.558,1,200574
485.689,1,201236
487.819,1,200910
489.948,1,200170
492.078,1,199875
494.206,1,200220
496.334,1,199123
498.462,1,199166
500.589,1,198380
502.715,1,198073
504.841,1,197923
506.966,1,197353
509.091,1,197548
511.216,1,196841
513.339,1,196443
515.463,1,196463
517.586,1,196078
519.708,1,195692
521.830,1,195365
523.951,1,194908
526.072,1,195035
528.192,1,193769
530.311,1,193283
532.431,1,192405
534.549,1,192481
536.667,1,192042
538.785,1,191505
540.902,1,191125
543.019,1,190685
545.135,1,190230
547.250,1,189406
549.365,1,189123
551.480,1,188226
553.594,1,187745
555.707,1,187564
557.820,1,186965
559.932,1,186521
562.044,1,185373
564.156,1,185179
566.266,1,184891
568.377,1,184328
570.487,1,184136
572.596,1,183846
574.705,1,183165
576.813,1,183300
578.921,1,182505
581.028,1,182481
583.135,1,182277
585.241,1,181279
587.346,1,181349
589.452,1,181455
591.556,1,181147
593.660,1,180639
595.764,1,180780
597.867,1,180289
599.970,1,180275
602.072,1,180375
604.173,1,179896
606.274,1,179019
608.375,1,178984
610.475,1,178604
612.575,1,178649
614.674,1,177993
616.772,1,177867
618.870,1,177178
620.967,1,176404
623.064,1,176091
625.161,1,175573
627.257,1,175567
629.352,1,175250
631.447,1,174689
633.541,1,174797
635.635,1,173785
637.729,1,173659
639.822,1,173610
641.914,1,173403
644.006,1,173324
646.097,1,172940
648.188,1,173062
650.278,1,172570
652.368,1,172430
654.457,1,172583
656.546,1,172320
658.634,1,172712
660.722,1,172036
662.809,1,172519
664.896,1,172365
666.982,1,171932
669.068,1,171569
671.153,1,171881
673.238,1,171984
675.322,1,171876
677.406,1,171853
679.489,1,171928
681.572,1,171599
683.654,1,171448
685.736,1,171565
687.817,1,171328
689.897,1,171344
691.978,1,171358
694.057,1,171063
696.136,1,170636
698.215,1,170646
700.293,1,170179
702.371,1,170164
704.448,1,170077
706.524,1,169725
708.600,1,169816
710.676,1,169305
712.751,1,169120
714.826,1,168977
716.900,1,168851
718.973,1,168500
721.047,1,168378
723.119,1,168354
725.191,1,167780
727.263,1,167357
729.334,1,167473
731.404,1,167046
733.474,1,166697
735.544,1,167038
737.613,1,166698
739.682,1,166507
741.750,1,166221
743.817,1,166240
745.884,1,165964
747.951,1,165353
750.017,1,165270
752.082,1,165048
754.147,1,164790
756.212,1,164723
758.276,1,164133
760.340,1,164400
762.403,1,163596
764.465,1,163588
766.527,1,163198
768.589,1,162910
770.650,1,162998
772.710,1,162812
774.770,1,162953
776.830,1,162893
778.889,1,162531
780.948,1,162709
783.006,1,162473
785.063,1,162265
787.120,1,162293
789.177,1,161873
791.233,1,161752
793.288,1,161272
795.343,1,161303
797.398,1,160727
799.452,1,160724
801.506,1,160262
803.559,1,160417
805.611,1,160128
807.663,1,160299
809.715,1,160040
811.766,1,159782
813.817,1,159706
815.867,1,159502
817.916,1,159002
819.966,1,158942
822.014,1,158839
824.062,1,158583
826.110,1,158518
828.157,1,157944
830.204,1,157945
832.250,1,157615
834.296,1,157596
836.341,1,157249
838.385,1,157134
840.430,1,157527
842.473,1,157033
844.516,1,156609
846.559,1,156476
848.601,1,156423
850.643,1,156182
852.684,1,156627
854.725,1,156151
856.765,1,155961
858.805,1,156116
860.844,1,156396
862.883,1,156171
864.921,1,156373
866.959,1,156913
868.996,1,157303
871.033,1,157847
873.069,1,158232
875.105,1,159607
877.141,1,160343
879.175,1,161055
881.210,1,161316
883.244,1,161323
885.277,1,160287
887.310,1,159323
889.342,1,157181
891.374,1,155837
893.406,1,154017
895.437,1,152369
897.467,1,151133
899.497,1,150023
901.526,1,149062
903.555,1,148594
905.584,1,147686
907.612,1,147305
909.639,1,146822
911.666,1,146559
913.693,1,145849
915.719,1,145468
917.745,1,145808
919.770,1,145383
921.794,1,145234
923.818,1,145319
925.842,1,145332
927.865,1,144731
929.888,1,144558
931.910,1,144062
933.932,1,144293
935.953,1,144010
937.973,1,143843
939.994,1,143773
942.013,1,143827
944.033,1,143705
946.051,1,143249
948.070,1,143483
950.088,1,143436
952.105,1,143270
954.122,1,142830
956.138,1,143135
958.154,1,142734
960.169,1,143023
962.184,1,143028
964.199,1,142814
966.213,1,142870
968.226,1,142974
970.239,1,143746
972.252,1,143753
974.264,1,144545
976.275,1,144850
978.286,1,145556
980.297,1,146839
982.307,1,148181
984.316,1,150412
986.326,1,153442
988.334,1,157042
990.342,1,160974
992.350,1,164599
994.357,1,167716
996.364,1,167386
998.370,1,164974
1000.376,1,160932
1002.381,1,156868
1004.386,1,152252
1006.390,1,149182
1008.394,1,146334
1010.398,1,144356
1012.401,1,142578
1014.403,1,141962
1016.405,1,140970
1018.406,1,140608
1020.407,1,140004
1022.408,1,139535
1024.408,1,139962
1026.408,1,139354
1028.407,1,139362
1030.405,1,139317
1032.403,1,138963
1034.401,1,139136
1036.398,1,138933
1038.395,1,138932
1040.391,1,139079
1042.387,1,138992
1044.382,1,138905
1046.377,1,138888
1048.371,1,138919
1050.365,1,138828
1052.358,1,139404
1054.351,1,139453
1056.344,1,139782
1058.336,1,140236
1060.327,1,140300
1062.318,1,140521
1064.309,1,141469
1066.299,1,141909
1068.288,1,142839
1070.277,1,143964
1072.266,1,144674
1074.254,1,146454
1076.242,1,147277
1078.229,1,148763
1080.216,1,149646
1082.202,1,150205
1084.188,1,149689
1086.173,1,148849
1088.158,1,147314
1090.142,1,145898
1092.126,1,144576
1094.110,1,143244
1096.093,1,142280
1098.075,1,140794
1100.057,1,140326
1102.039,1,140158
1104.020,1,139393
1106.000,1,139143
1107.980,1,138573
1109.960,1,138379
1111.939,1,138054
1113.918,1,137846
1115.896,1,137739
1117.874,1,137912
1119.851,1,137494
1121.828,1,137222
1123.805,1,137281
1125.781,1,137122
1127.756,1,137012
1129.731,1,137112
1131.705,1,137015
1133.679,1,136938
1135.653,1,136795
1137.626,1,136964
1139.599,1,136855
1141.571,1,136757
1143.543,1,136829
1145.514,1,136627
1147.485,1,136709
1149.455,1,136653
1151.425,1,136729
1153.394,1,136620
1155.363,1,136658
1157.331,1,136933
1159.299,1,136345
1161.267,1,136743
1163.234,1,136548
1165.201,1,136512
1167.167,1,136363
1169.132,1,136086
1171.097,1,136501
1173.062,1,136004
1175.026,1,136398
1176.990,1,136325
1178.954,1,136215
1180.916,1,136165
1182.879,1,135763
1184.841,1,135799
1186.802,1,135833
1188.763,1,135521
1190.724,1,135878
1192.684,1,135845
1194.643,1,135450
1196.602,1,135569
1198.561,1,135641
1200.519,1,135858
1202.477,1,135728
1204.434,1,135589
1206.391,1,135820
1208.348,1,135831
1210.304,1,135287
1212.259,1,135569
1214.214,1,135321
1216.169,1,135606
1218.123,1,135463
1220.076,1,135250
1222.029,1,135544
1223.982,1,135392
1225.934,1,135499
1227.886,1,135313
1229.837,1,135230
1231.788,1,135416
1233.739,1,135368
1235.688,1,135276
1237.638,1,135276
1239.587,1,135027
1241.535,1,135060
1243.484,1,135070
1245.431,1,135005
1247.378,1,135138
1249.325,1,135444
1251.271,1,134828
1253.217,1,135200
1255.162,1,135089
1257.107,1,135223
1259.052,1,135281
1260.996,1,135044
1262.939,1,135005
1264.882,1,135101
1266.825,1,135208
1268.767,1,134977
1270.709,1,134800
1272.650,1,134794
1274.591,1,134620
1276.531,1,134778
1278.471,1,134965
1280.410,1,134745
1282.349,1,134724
1284.288,1,134868
1286.226,1,134720
1288.163,1,135081
1290.100,1,134679
1292.037,1,134714
1293.973,1,134527
1295.909,1,134853
1297.844,1,134576
1299.779,1,134669
1301.714,1,134356
1303.647,1,134595
1305.581,1,134427
1307.514,1,134916
1309.447,1,134396
1311.379,1,134471
1313.310,1,134694
1315.242,1,134518
1317.172,1,134615
1319.103,1,134714
1321.032,1,134778
1322.962,1,134635
1324.891,1,134855
1326.819,1,134640
1328.747,1,134451
1330.675,1,134478
1332.602,1,134605
1334.529,1,134517
1336.455,1,134450
1338.381,1,134356
1340.306,1,134603
1342.231,1,134166
1344.156,1,134205
1346.080,1,134423
1348.003,1,115183
1349.926,1,133863
1351.849,1,133946
1353.771,1,133950
1355.693,1,133969
1357.614,1,134038
1359.535,1,134257
1361.455,1,133913
1363.375,1,133982
1365.295,1,134026
1367.214,1,133957
1369.132,1,133951
1371.051,1,134027
1372.968,1,133860
1374.885,1,134152
1376.802,1,133969
1378.719,1,133874
1380.635,1,133911
1382.550,1,133922
1384.465,1,134158
1386.380,1,134018
1388.294,1,133925
1390.207,1,134129
1392.121,1,134034
1394.033,1,134064
1395.946,1,134174
1397.858,1,134226
1399.769,1,133984
1401.680,1,134223
1403.591,1,134013
1405.501,1,133999
1407.410,1,134180
1409.320,1,133935
1411.228,1,134479
1413.137,1,134391
1415.045,1,134085
1416.952,1,134213
1418.859,1,133998
1420.766,1,134163
1422.672,1,134327
1424.577,1,134307
1426.483,1,134319
1428.387,1,133953
1430.292,1,134368
1432.196,1,134084
1434.099,1,134160
1436.002,1,134114
1437.905,1,133971
1439.807,1,134207
1441.708,1,134261
1443.610,1,134272
1445.510,1,134474
1447.411,1,134210
1449.311,1,134263
1451.210,1,134423
1453.109,1,134307
1455.008,1,134260
1456.906,1,134621
1458.803,1,134369
1460.701,1,134502
1462.597,1,134631
1464.494,1,134371
1466.390,1,134575
1468.285,1,134585
1470.180,1,134585
1472.075,1,134620
1473.969,1,134790
1475.863,1,134804
1477.756,1,134841
1479.649,1,134722
1481.541,1,134856
1483.433,1,135036
1485.325,1,134870
1487.216,1,135056
1489.107,1,135263
1490.997,1,135322
1492.887,1,135440
1494.776,1,135670
1496.665,1,135735
1498.553,1,135624
1500.441,1,135924
1502.329,1,135919
1504.216,1,136199
1506.103,1,136233
1507.989,1,136171
1509.875,1,136473
1511.760,1,136742
1513.645,1,136769
1515.530,1,137018
1517.414,1,136918
1519.297,1,137619
1521.181,1,137224
1523.063,1,137454
1524.946,1,137808
1526.828,1,137978
1528.709,1,138298
1530.590,1,138463
1532.471,1,138432
1534.351,1,138567
1536.231,1,138945
1538.110,1,139252
1539.989,1,139543
1541.867,1,139972
1543.745,1,139865
1545.623,1,140504
1547.500,1,140700
1549.377,1,140906
1551.253,1,141364
1553.129,1,142023
1555.004,1,142260
1556.879,1,142650
1558.754,1,142996
1560.628,1,143262
1562.501,1,143704
1564.374,1,144116
1566.247,1,144655
1568.120,1,145331
1569.992,1,145999
1571.863,1,146177
1573.734,1,147123
1575.605,1,147637
1577.475,1,148252
1579.345,1,149102
1581.214,1,149717
1583.083,1,150295
1584.951,1,150888
1586.819,1,152097
1588.687,1,152602
1590.554,1,153443
1592.421,1,154258
1594.287,1,155141
1596.153,1,156135
1598.019,1,156827
1599.884,1,158136
1601.748,1,158751
1603.612,1,159737
1605.476,1,161055
1607.339,1,161831
1609.202,1,163012
1611.065,1,163923
1612.927,1,164965
1614.788,1,165620
1616.650,1,166986
1618.510,1,167708
1620.371,1,168750
1622.230,1,169325
1624.090,1,169873
1625.949,1,171253
1627.808,1,171411
1629.666,1,172298
1631.523,1,172503
1633.381,1,173324
1635.238,1,173425
1637.094,1,173611
1638.950,1,174081
1640.806,1,173761
1642.661,1,173653
1644.516,1,173612
1646.370,1,173238
1648.224,1,172982
1650.077,1,172108
1651.930,1,171671
1653.783,1,170945
1655.635,1,170324
1657.487,1,169694
1659.338,1,168936
1661.189,1,167831
1663.040,1,167266
1664.890,1,166409
1666.739,1,165211
1668.589,1,164208
1670.437,1,163299
1672.286,1,162338
1674.134,1,161259
1675.981,1,159873
1677.828,1,159299
1679.675,1,157765
1681.521,1,156630
1683.367,1,155958
1685.213,1,154058
1687.058,1,153404
1688.902,1,152187
1690.746,1,151046
1692.590,1,149860
1694.433,1,148534
1696.276,1,147355
1698.119,1,146541
1699.961,1,145396
1701.802,1,144591
1703.643,1,143387
1705.484,1,142373
1707.324,1,141185
1709.164,1,140457
1711.004,1,139907
1712.843,1,138376
1714.682,1,138031
1716.520,1,137015
1718.358,1,136602
1720.195,1,135644
1722.032,1,134783
1723.869,1,134244
1725.705,1,133824
1727.540,1,132868
1729.376,1,132354
1731.211,1,131718
1733.045,1,130974
1734.879,1,130746
1736.713,1,130257
1738.546,1,129578
1740.379,1,129348
1742.211,1,128764
1744.043,1,128214
1745.874,1,127888
1747.706,1,127183
1749.536,1,126944
1751.367,1,126530
1753.196,1,126371
1755.026,1,125919
1756.855,1,125725
1758.683,1,125096
1760.512,1,124917
1762.339,1,124734
1764.167,1,124306
1765.994,1,124108
1767.820,1,123848
1769.646,1,123290
1771.472,1,123381
1773.297,1,123148
1775.122,1,122758
1776.946,1,122738
1778.770,1,122537
1780.594,1,122236
1782.417,1,122134
1784.240,1,121829
1786.062,1,121618
1787.884,1,121521
1789.706,1,121374
1791.527,1,121319
1793.348,1,120935
1795.168,1,120949
1796.988,1,120753
1798.807,1,120754
1800.626,1,120468
1802.445,1,120458
1804.263,1,120515
1806.081,1,120478
1807.898,1,120371
1809.715,1,120169
1811.532,1,120351
1813.348,1,120009
1815.164,1,120145
1816.979,1,120290
1818.794,1,120231
1820.608,1,120159
1822.422,1,120214
1824.236,1,120238
1826.049,1,119879
1827.862,1,120279
1829.674,1,120212
1831.486,1,120296
1833.298,1,120505
1835.109,1,120093
1836.920,1,120277
1838.730,1,120420
1840.540,1,120105
1842.350,1,120331
1844.159,1,120515
1845.968,1,120465
1847.776,1,120518
1849.584,1,120292
1851.391,1,120429
1853.198,1,120330
1855.005,1,120767
1856.811,1,120583
1858.617,1,120490
1860.423,1,120686
1862.228,1,120730
1864.032,1,120923
1865.837,1,120617
1867.640,1,120872
1869.444,1,120736
1871.247,1,120891
1873.049,1,120835
1874.852,1,120882
1876.653,1,121059
1878.455,1,121078
1880.256,1,121033
1882.056,1,121205
1883.856,1,121166
1885.656,1,121334
1887.455,1,121564
1889.254,1,121227
1891.053,1,121205
1892.851,1,121298
1894.648,1,121427
1896.446,1,121495
1898.243,1,121364
1900.039,1,121547
1901.835,1,121738
1903.631,1,121628
1905.426,1,121700
1907.221,1,121731
1909.015,1,121773
1910.809,1,121952
1912.603,1,121961
1914.396,1,122149
1916.189,1,122243
1917.981,1,122278
1919.773,1,122203
1921.565,1,122495
1923.356,1,122409
1925.147,1,122479
1926.937,1,122643
1928.727,1,122593
1930.517,1,122791
1932.306,1,122829
1934.095,1,122885
1935.883,1,122906
1937.671,1,123151
1939.459,1,123222
1941.246,1,123338
1943.033,1,123309
1944.819,1,123477
1946.605,1,123711
1948.390,1,123717
1950.176,1,123936
1951.960,1,123861
1953.745,1,123867
1955.529,1,124144
1957.312,1,124377
1959.095,1,124665
1960.878,1,124430
1962.660,1,124800
1964.442,1,124905
1966.224,1,124737
1968.005,1,124941
1969.785,1,125208
1971.566,1,125370
1973.346,1,125525
1975.125,1,125669
1976.904,1,125681
1978.683,1,125668
1980.461,1,125950
1982.239,1,126016
1984.017,1,126344
1985.794,1,126493
1987.571,1,126493
1989.347,1,126782
1991.123,1,126795
1992.898,1,127039
1994.673,1,127095
1996.448,1,127425
1998.222,1,127606
1999.996,1,127782
2001.770,1,127892
2003.543,1,128018
2005.316,1,127859
2007.088,1,128399
2008.860,1,128593
2010.631,1,128733
2012.403,1,128850
2014.173,1,129176
2015.944,1,129400
2017.714,1,129436
2019.483,1,129643
2021.252,1,129847
2023.021,1,130061
2024.789,1,129890
2026.557,1,130269
2028.325,1,130653
2030.092,1,130732
2031.859,1,130672
2033.625,1,130907
2035.391,1,131072
2037.157,1,131457
2038.922,1,131698
2040.687,1,131605
2042.451,1,131925
2044.215,1,132078
2045.978,1,132213
2047.742,1,132209
2049.504,1,132374
2051.267,1,132575
2053.029,1,132975
2054.790,1,133056
2056.552,1,133171
2058.313,1,133464
2060.073,1,133520
2061.833,1,133744
2063.593,1,133554
2065.352,1,133901
2067.111,1,134145
2068.869,1,134067
2070.627,1,134628
2072.385,1,134482
2074.142,1,134787
2075.899,1,134893
2077.656,1,134965
2079.412,1,135060
2081.167,1,135228
2082.923,1,135444
2084.678,1,135254
2086.432,1,135530
2088.186,1,135465
2089.940,1,135387
2091.693,1,135747
2093.446,1,135902
2095.199,1,135781
2096.951,1,136230
2098.703,1,136076
2100.454,1,136225
2102.205,1,136280
2103.956,1,136489
2105.706,1,136758
2107.456,1,136465
2109.205,1,136446
2110.954,1,136654
2112.703,1,136903
2114.451,1,136712
2116.199,1,136885
2117.947,1,136574
2119.694,1,136613
2121.440,1,136869
2123.187,1,137049
2124.933,1,136905
2126.678,1,137061
2128.423,1,136942
2130.168,1,136795
2131.912,1,136913
2133.656,1,136659
2135.400,1,136720
2137.143,1,137117
2138.886,1,136675
2140.629,1,136851
2142.371,1,136870
2144.112,1,136655
2145.853,1,136807
2147.594,1,136888
2149.335,1,137007
2151.075,1,136614
2152.815,1,136307
2154.554,1,136283
2156.293,1,136295
2158.031,1,136193
2159.770,1,135939
2161.507,1,136172
2163.245,1,136079
2164.982,1,136220
2166.718,1,135816
2168.455,1,135911
2170.190,1,135301
2171.926,1,135557
2173.661,1,135561
2175.396,1,135483
2177.130,1,135024
2178.864,1,135092
2180.597,1,135088
2182.331,1,135066
2184.063,1,135093
2185.796,1,134676
2187.528,1,134854
2189.259,1,134563
2190.990,1,134517
2192.721,1,134559
2194.452,1,133818
2196.182,1,134147
2197.911,1,133826
2199.641,1,133881
2201.370,1,133655
2203.098,1,133464
2204.826,1,133566
2206.554,1,133496
2208.281,1,133117
2210.008,1,132960
2211.735,1,133015
2213.461,1,132959
2215.187,1,132892
2216.913,1,132503
2218.638,1,132393
2220.362,1,132095
2222.087,1,131965
2223.811,1,132037
2225.534,1,131714
2227.257,1,131679
2228.980,1,131463
2230.703,1,131153
2232.425,1,130921
2234.146,1,131032
2235.867,1,130780
2237.588,1,130806
2239.309,1,130701
2241.029,1,130605
2242.749,1,130582
2244.468,1,130093
2246.187,1,129842
2247.906,1,129660
2249.624,1,129740
2251.342,1,129451
2253.059,1,129445
2254.776,1,129227
2256.493,1,128998
2258.209,1,128874
2259.925,1,128732
2261.641,1,128798
2263.356,1,128452
2265.071,1,128275
2266.785,1,128221
2268.499,1,128312
2270.213,1,128115
2271.926,1,127970
2273.639,1,127581
2275.351,1,127567
2277.064,1,127609
2278.775,1,127213
2280.487,1,127171
2282.198,1,127039
2283.908,1,126972
2285.619,1,126889
2287.328,1,126690
2289.038,1,126574
2290.747,1,126350
2292.456,1,126491
2294.164,1,126171
2295.872,1,126261
2297.580,1,126145
2299.287,1,125770
2300.994,1,126015
2302.700,1,125914
2304.406,1,125632
2306.112,1,125650
2307.818,1,125488
2309.523,1,125608
2311.227,1,125464
2312.931,1,125162
2314.635,1,125289
2316.339,1,125392
2318.042,1,124948
2319.745,1,125075
2321.447,1,125416
2323.149,1,125083
2324.850,1,125350
2326.552,1,125447
2328.253,1,125119
2329.953,1,124467
2331.653,1,124281
2333.353,1,124328
2335.052,1,124328
2336.751,1,124303
2338.450,1,124169
2340.148,1,123935
2341.846,1,124030
2343.543,1,123946
2345.240,1,123820
2346.937,1,123981
2348.634,1,123902
2350.330,1,123854
2352.025,1,123666
2353.720,1,123679
2355.415,1,123802
2357.110,1,123635
2358.804,1,123568
2360.498,1,123376
2362.191,1,123380
2363.884,1,123364
2365.577,1,123512
2367.269,1,123512
2368.961,1,123179
2370.652,1,123214
2372.343,1,123335
2374.034,1,123304
2375.725,1,123307
2377.415,1,122949
2379.104,1,123261
2380.794,1,123129
2382.483,1,123036
2384.171,1,122937
2385.859,1,122876
2387.547,1,122824
2389.235,1,122664
2390.922,1,122864
2392.608,1,122969
2394.295,1,122694
2395.981,1,122775
2397.666,1,122502
2399.351,1,122662
2401.036,1,122631
2402.721,1,122825
2404.405,1,122423
2406.089,1,122459
2407.772,1,122431
2409.455,1,122620
2411.138,1,122442
2412.820,1,122454
2414.502,1,122271
2416.183,1,122452
2417.865,1,122217
2419.545,1,122042
2421.226,1,122365
2422.906,1,122304
2424.586,1,121962
2426.265,1,121934
2427.944,1,121892
2429.622,1,122274
2431.301,1,122154
2432.979,1,122006
2434.656,1,122247
2436.333,1,122150
2438.010,1,121904
2439.686,1,121854
2441.362,1,121813
2443.038,1,121888
2444.713,1,122044
2446.388,1,121621
2448.063,1,121789
2449.737,1,121705
2451.411,1,121865
2453.084,1,121816
2454.757,1,121773
2456.430,1,121588
2458.102,1,121673
2459.774,1,121775
2461.446,1,121674
2463.117,1,121603
2464.788,1,121387
2466.459,1,121462
2468.129,1,121543
2469.799,1,121498
2471.468,1,121410
2473.137,1,121577
2474.806,1,121193
2476.474,1,121413
2478.142,1,121551
2479.810,1,121229
2481.477,1,121297
2483.144,1,121093
2484.811,1,121382
2486.477,1,121136
2488.143,1,121156
2489.808,1,121144
2491.473,1,121185
2493.138,1,121054
2494.802,1,121068
2496.466,1,121029
2498.130,1,121219
2499.793,1,121390
2501.456,1,120959
2503.119,1,121007
2504.781,1,121236
2506.443,1,120795
2508.104,1,120997
2509.765,1,120764
2511.426,1,121105
2513.086,1,121057
2514.746,1,120959
2516.406,1,121070
2518.065,1,120778
2519.724,1,120996
2521.383,1,121019
2523.041,1,120946
2524.699,1,121031
2526.356,1,120995
2528.014,1,121047
2529.670,1,120911
2531.327,1,120693
2532.983,1,120916
2534.638,1,120940
2536.294,1,121057
2537.949,1,120830
2539.603,1,120852
2541.258,1,120965
2542.912,1,121141
2544.565,1,120876
2546.218,1,120589
2547.871,1,120859
2549.523,1,120907
2551.176,1,120853
2552.827,1,120742
2554.479,1,120661
2556.130,1,120964
2557.780,1,120572
2559.431,1,121127
2561.081,1,121139
2562.730,1,121208
2564.379,1,120968
2566.028,1,121290
2567.677,1,121108
2569.325,1,121202
2570.973,1,121122
2572.620,1,121337
2574.267,1,121559
2575.914,1,121525
2577.560,1,121443
2579.206,1,121577
2580.852,1,121499
2582.497,1,121631
2584.142,1,121316
2585.787,1,121285
2587.431,1,121321
2589.075,1,120970
2590.719,1,121366
2592.362,1,121240
2594.005,1,121065
2595.647,1,121264
2597.289,1,121324
2598.931,1,121179
2600.572,1,121205
2602.213,1,121109
2603.854,1,121292
2605.494,1,121569
2607.134,1,121382
2608.774,1,122004
2610.413,1,122047
2612.052,1,122398
2613.691,1,122782
2615.329,1,122768
2616.967,1,123034
2618.604,1,123336
2620.241,1,123586
2621.878,1,123800
2623.514,1,123878
2625.151,1,123217
2626.786,1,123020
2628.422,1,123071
2630.057,1,123004
2631.691,1,122806
2633.326,1,122958
2634.960,1,122865
2636.593,1,122963
2638.226,1,122909
2639.859,1,122814
2641.492,1,123227
2643.124,1,123055
2644.756,1,123178
2646.387,1,122947
2648.018,1,123075
2649.649,1,123116
2651.280,1,123225
2652.910,1,123370
2654.540,1,123506
2656.169,1,123805
2657.798,1,123762
2659.427,1,124030
2661.055,1,123936
2662.683,1,123974
2664.311,1,124155
2665.938,1,124036
2667.565,1,124359
2669.191,1,124407
2670.818,1,124712
2672.443,1,124689
2674.069,1,125085
2675.694,1,125053
2677.319,1,125378
2678.943,1,125473
2680.567,1,125493
2682.191,1,125320
2683.815,1,125858
2685.438,1,126056
2687.060,1,125991
2688.683,1,126210
2690.305,1,126484
2691.927,1,126545
2693.548,1,126926
2695.169,1,127108
2696.789,1,127322
2698.410,1,127328
2700.030,1,127630
2701.649,1,127871
2703.269,1,128092
2704.887,1,128128
2706.506,1,128369
2708.124,1,128452
2709.742,1,128735
2711.359,1,129185
2712.977,1,129530
2714.593,1,129767
2716.210,1,130148
