184.081,1,141369
186.293,1,136381
188.506,1,134040
190.717,1,133326
192.928,1,132456
195.138,1,130872
197.348,1,129210
199.557,1,128443
201.766,1,126894
203.974,1,125365
206.182,1,123745
208.389,1,122625
210.595,1,121006
212.801,1,119560
215.007,1,117276
217.211,1,116084
219.416,1,114474
221.619,1,113223
223.823,1,111682
226.025,1,110467
228.227,1,108687
230.429,1,107418
232.630,1,106349
234.830,1,105305
237.030,1,103798
239.229,1,103051
241.428,1,101679
243.626,1,101021
245.824,1,99992
248.021,1,99123
250.217,1,98429
252.413,1,97407
254.609,1,96622
256.804,1,96078
258.998,1,95351
261.192,1,94405
263.385,1,93583
265.578,1,93230
267.770,1,92588
269.961,1,91618
272.152,1,91072
274.343,1,90319
276.533,1,89603
278.722,1,88915
280.911,1,88282
283.099,1,87640
285.287,1,86883
287.474,1,86260
289.661,1,85871
291.847,1,85014
294.032,1,84505
296.217,1,83775
298.402,1,83313
300.586,1,82656
302.769,1,82261
304.952,1,81528
307.134,1,81241
309.316,1,80748
311.497,1,80352
313.677,1,79999
315.857,1,79722
318.037,1,79250
320.216,1,79126
322.394,1,78877
324.572,1,78537
326.750,1,78716
328.926,1,78469
331.103,1,78112
333.278,1,78044
335.454,1,78115
337.628,1,77877
339.802,1,77693
341.976,1,77678
344.149,1,77713
346.321,1,77576
348.493,1,77658
350.665,1,77766
352.835,1,77456
355.006,1,77560
357.175,1,77567
359.345,1,77561
361.513,1,77398
363.681,1,77415
365.849,1,77640
368.016,1,77340
370.182,1,77454
372.348,1,77509
374.514,1,77443
376.679,1,77452
378.843,1,77575
381.007,1,77519
383.170,1,77375
385.333,1,77489
387.495,1,77398
389.657,1,77404
391.818,1,77349
393.978,1,77421
396.138,1,77624
398.298,1,77925
400.457,1,77609
402.615,1,77843
404.773,1,77867
406.930,1,77806
409.087,1,77963
411.244,1,77923
413.399,1,78100
415.554,1,78032
417.709,1,78078
419.863,1,78037
422.017,1,77858
424.170,1,77923
426.322,1,78336
428.474,1,78119
430.626,1,78095
432.777,1,78341
434.927,1,78488
437.077,1,78258
439.226,1,78164
441.375,1,78304
443.523,1,78036
445.671,1,78125
447.818,1,78095
449.965,1,78330
452.111,1,78114
454.257,1,77669
456.402,1,77882
458.546,1,78031
460.690,1,77763
462.834,1,77715
464.976,1,77474
467.119,1,77959
469.261,1,77497
471.402,1,77512
473.543,1,77488
475.683,1,77482
477.823,1,77272
479.962,1,77462
482.101,1,77345
484.239,1,77195
486.376,1,77180
488.513,1,77034
490.650,1,77260
492.786,1,77114
494.922,1,76991
497.057,1,77103
499.191,1,77488
501.325,1,77113
503.458,1,77085
505.591,1,77450
507.723,1,77437
509.855,1,77465
511.987,1,77481
514.117,1,77698
516.247,1,77411
518.377,1,77670
520.506,1,77415
522.635,1,77608
524.763,1,77505
526.891,1,77374
529.018,1,77387
531.144,1,77178
533.270,1,77304
535.396,1,76912
537.521,1,76878
539.645,1,76742
541.769,1,76821
543.892,1,76694
546.015,1,76731
548.138,1,76523
550.259,1,76430
552.381,1,76305
554.502,1,76338
556.622,1,76346
558.741,1,76423
560.861,1,76566
562.979,1,76461
565.097,1,76361
567.215,1,76299
569.332,1,76289
571.449,1,76366
573.565,1,76078
575.680,1,76102
577.795,1,76229
579.910,1,76242
582.024,1,76230
584.137,1,76044
586.250,1,76174
588.363,1,75972
590.475,1,75908
592.586,1,75765
594.697,1,75954
596.807,1,75757
598.917,1,75832
601.026,1,75611
603.135,1,75739
605.243,1,75236
607.351,1,75610
609.458,1,75339
611.565,1,75258
613.671,1,75171
615.777,1,75034
617.882,1,75109
619.987,1,75188
622.091,1,75015
624.194,1,75090
626.297,1,74961
628.400,1,75028
630.502,1,74775
632.604,1,74731
634.705,1,74939
636.805,1,74977
638.905,1,74805
641.005,1,74647
643.104,1,74960
645.202,1,74881
647.300,1,74764
649.397,1,74830
651.494,1,74900
653.591,1,74889
655.686,1,74640
657.782,1,75080
659.877,1,74925
661.971,1,75066
664.065,1,75052
666.158,1,74941
668.251,1,75051
670.343,1,74959
672.435,1,75077
674.526,1,75245
676.617,1,75186
678.707,1,75112
680.797,1,75157
682.886,1,75118
684.975,1,75181
687.063,1,75029
689.151,1,74954
691.238,1,75154
693.324,1,75185
695.410,1,75241
697.496,1,75303
699.581,1,74913
701.666,1,75015
703.750,1,74886
705.833,1,75069
707.917,1,74877
709.999,1,74957
712.081,1,74976
714.163,1,75190
716.244,1,74988
718.324,1,74862
720.404,1,74801
722.484,1,74855
724.563,1,74688
726.641,1,74646
728.719,1,74673
730.797,1,74522
732.874,1,74736
734.950,1,74370
737.026,1,74514
739.102,1,74668
741.177,1,74438
743.251,1,74476
745.325,1,74368
747.398,1,74380
749.471,1,74297
751.544,1,74342
753.616,1,74243
755.687,1,73943
757.758,1,74162
759.828,1,74259
761.898,1,73849
763.968,1,73857
766.036,1,73931
768.105,1,73821
770.173,1,73735
772.240,1,73745
774.307,1,73653
776.373,1,73889
778.439,1,73581
780.504,1,73378
782.569,1,73579
784.634,1,73956
786.697,1,73722
788.761,1,73658
790.824,1,73839
792.886,1,73670
794.948,1,73517
797.009,1,73658
799.070,1,73451
801.130,1,73674
803.190,1,73508
805.249,1,73390
807.308,1,73611
809.367,1,73487
811.424,1,73404
813.482,1,73482
815.539,1,73328
817.595,1,73296
819.651,1,73528
821.706,1,73302
823.761,1,73292
825.815,1,73271
827.869,1,73278
829.922,1,73550
831.975,1,73446
834.028,1,73208
836.079,1,73204
838.131,1,73528
840.182,1,73234
842.232,1,73265
844.282,1,73195
846.331,1,73297
848.380,1,73206
850.428,1,73110
852.476,1,73178
854.524,1,73579
856.570,1,73268
858.617,1,73348
860.663,1,73438
862.708,1,73456
864.753,1,73779
866.797,1,73890
868.841,1,74126
870.885,1,74395
872.928,1,74716
874.970,1,75104
877.012,1,75274
879.053,1,75111
881.094,1,75146
883.135,1,74712
885.175,1,74225
887.214,1,73829
889.253,1,73487
891.291,1,73013
893.329,1,72950
895.367,1,72710
897.404,1,72298
899.440,1,72187
901.476,1,72232
903.512,1,72010
905.547,1,71789
907.581,1,71899
909.615,1,71746
911.649,1,71886
913.682,1,71860
915.714,1,71850
917.746,1,71709
919.778,1,71713
921.809,1,71750
923.840,1,71712
925.870,1,71710
927.899,1,71763
929.928,1,71743
931.957,1,71552
933.985,1,71861
936.013,1,71856
938.040,1,71790
940.067,1,71967
942.093,1,71829
944.119,1,71932
946.144,1,71918
948.168,1,71714
950.193,1,71803
952.216,1,71606
954.240,1,71654
956.262,1,72058
958.285,1,71804
960.306,1,71791
962.328,1,71821
964.349,1,71642
966.369,1,71593
968.389,1,71805
970.408,1,72026
972.427,1,71714
974.445,1,72076
976.463,1,72211
978.481,1,72239
980.498,1,72310
982.514,1,72584
984.530,1,73189
986.545,1,73406
988.560,1,73839
990.575,1,74005
992.589,1,74154
994.602,1,73756
996.615,1,73355
998.628,1,72907
1000.640,1,72737
1002.652,1,72719
1004.663,1,73003
1006.673,1,72298
1008.684,1,71851
1010.693,1,71695
1012.702,1,71686
1014.711,1,71251
1016.719,1,71282
1018.727,1,71493
1020.734,1,71079
1022.741,1,71321
1024.747,1,71181
1026.753,1,71490
1028.758,1,71623
1030.763,1,71326
1032.768,1,71413
1034.772,1,71501
1036.775,1,71489
1038.778,1,71539
1040.780,1,71678
1042.782,1,71573
1044.784,1,71719
1046.785,1,71630
1048.785,1,71675
1050.785,1,71775
1052.785,1,71831
1054.784,1,71867
1056.782,1,71884
1058.781,1,72352
1060.778,1,72317
1062.775,1,72530
1064.772,1,72890
1066.768,1,72982
1068.764,1,73584
1070.759,1,73870
1072.754,1,74294
1074.748,1,74592
1076.742,1,74581
1078.735,1,74994
1080.728,1,74646
1082.721,1,74233
1084.713,1,74453
1086.704,1,73723
1088.695,1,73460
1090.686,1,73203
1092.676,1,72902
1094.665,1,72703
1096.654,1,72461
1098.643,1,72458
1100.631,1,72321
1102.618,1,72373
1104.606,1,72205
1106.592,1,72312
1108.578,1,72198
1110.564,1,72038
1112.549,1,72133
1114.534,1,71824
1116.519,1,72014
1118.502,1,71927
1120.486,1,72017
1122.469,1,72158
1124.451,1,71936
1126.433,1,71924
1128.414,1,71921
1130.395,1,72015
1132.376,1,71966
1134.356,1,71789
1136.336,1,71883
1138.315,1,71671
1140.293,1,71822
1142.271,1,71700
1144.249,1,71652
1146.226,1,71600
1148.203,1,71703
1150.179,1,72016
1152.155,1,71818
1154.131,1,71863
1156.105,1,72077
1158.080,1,71984
1160.054,1,72016
1162.027,1,71858
1164.000,1,71758
1165.973,1,71837
1167.945,1,71663
1169.916,1,71768
1171.887,1,71955
1173.858,1,71914
1175.828,1,72004
1177.798,1,71894
1179.767,1,71748
1181.736,1,71649
1183.704,1,71572
1185.672,1,71589
1187.639,1,71706
1189.606,1,71797
1191.573,1,71643
1193.539,1,71581
1195.504,1,71408
1197.469,1,71602
1199.434,1,71827
1201.398,1,71615
1203.361,1,71705
1205.325,1,71751
1207.287,1,71776
1209.249,1,71816
1211.211,1,72058
1213.173,1,71932
1215.133,1,71893
1217.094,1,71859
1219.054,1,71738
1221.013,1,71461
1222.972,1,71659
1224.931,1,71643
1226.889,1,71710
1228.846,1,71778
1230.803,1,71827
1232.760,1,71795
1234.716,1,71850
1236.672,1,71918
1238.627,1,71771
1240.582,1,71902
1242.536,1,71893
1244.490,1,71888
1246.443,1,72137
1248.396,1,71880
1250.349,1,71841
1252.301,1,72034
1254.252,1,72110
1256.203,1,72076
1258.154,1,72115
1260.104,1,72090
1262.054,1,72005
1264.003,1,72033
1265.952,1,72077
1267.900,1,72379
1269.848,1,72082
1271.796,1,72215
1273.742,1,72180
1275.689,1,72217
1277.635,1,72341
1279.581,1,72291
1281.526,1,72367
1283.470,1,72227
1285.414,1,72360
1287.358,1,72273
1289.301,1,72299
1291.244,1,72686
1293.187,1,72261
1295.128,1,72265
1297.070,1,72551
1299.011,1,72455
1300.951,1,72596
1302.891,1,72605
1304.831,1,72466
1306.770,1,72758
1308.709,1,72901
1310.647,1,72796
1312.585,1,72910
1314.522,1,72785
1316.459,1,72926
1318.395,1,72944
1320.331,1,73182
1322.267,1,72890
1324.202,1,73008
1326.136,1,73133
1328.070,1,72926
1330.004,1,72754
1331.937,1,73064
1333.870,1,72840
1335.802,1,73071
1337.734,1,72938
1339.665,1,73221
1341.596,1,72892
1343.527,1,73161
1345.457,1,72918
1347.386,1,58556
1349.315,1,72708
1351.244,1,72903
1353.172,1,72646
1355.100,1,72636
1357.027,1,72827
1358.954,1,72577
1360.880,1,72748
1362.806,1,72570
1364.732,1,72491
1366.657,1,72724
1368.581,1,72800
1370.506,1,72495
1372.429,1,72402
1374.352,1,72434
1376.275,1,72571
1378.197,1,72524
1380.119,1,72861
1382.041,1,72676
1383.962,1,72553
1385.882,1,72650
1387.802,1,72746
1389.722,1,72783
1391.641,1,72627
1393.560,1,72926
1395.478,1,72897
1397.396,1,72736
1399.313,1,73010
1401.230,1,72952
1403.146,1,73105
1405.062,1,73165
1406.978,1,73101
1408.893,1,72991
1410.808,1,73138
1412.722,1,73207
1414.636,1,73089
1416.549,1,73091
1418.462,1,73202
1420.374,1,73136
1422.286,1,73124
1424.198,1,73203
1426.109,1,73300
1428.019,1,72993
1429.929,1,73082
1431.839,1,73408
1433.748,1,73142
1435.657,1,73257
1437.566,1,73372
1439.474,1,73295
1441.381,1,73440
1443.288,1,73740
1445.195,1,73689
1447.101,1,73496
1449.006,1,73569
1450.912,1,73552
1452.816,1,73785
1454.721,1,73746
1456.625,1,73539
1458.528,1,73609
1460.431,1,73578
1462.334,1,73308
1464.236,1,73508
1466.138,1,73436
1468.039,1,73424
1469.940,1,73295
1471.840,1,73238
1473.740,1,73309
1475.639,1,73135
1477.538,1,73309
1479.437,1,73304
1481.335,1,73274
1483.233,1,73127
1485.130,1,73276
1487.027,1,73093
1488.923,1,73329
1490.819,1,73210
1492.715,1,73232
1494.610,1,73359
1496.504,1,73402
1498.398,1,73324
1500.292,1,73358
1502.185,1,73486
1504.078,1,73331
1505.971,1,73428
1507.862,1,73503
1509.754,1,73492
1511.645,1,73448
1513.536,1,73719
1515.426,1,74153
1517.316,1,73757
1519.205,1,73911
1521.094,1,73961
1522.982,1,74024
1524.870,1,74167
1526.758,1,73861
1528.645,1,74027
1530.531,1,74053
1532.418,1,74177
1534.303,1,74256
1536.189,1,74465
1538.074,1,74230
1539.958,1,74403
1541.842,1,74419
1543.726,1,74500
1545.609,1,74595
1547.492,1,74647
1549.374,1,74713
1551.256,1,74694
1553.137,1,74941
1555.018,1,74940
1556.898,1,75139
1558.779,1,74958
1560.658,1,75180
1562.537,1,74977
1564.416,1,74960
1566.295,1,75330
1568.172,1,75273
1570.050,1,75457
1571.927,1,75614
1573.804,1,75661
1575.680,1,75760
1577.555,1,75776
1579.431,1,75912
1581.306,1,76172
1583.180,1,75966
1585.054,1,76331
1586.927,1,76433
1588.801,1,76650
1590.673,1,76560
1592.545,1,76686
1594.417,1,76951
1596.289,1,77118
1598.160,1,77288
1600.030,1,77159
1601.900,1,77399
1603.770,1,78011
1605.639,1,77907
1607.508,1,78027
1609.376,1,78094
1611.244,1,78466
1613.111,1,78444
1614.979,1,78631
1616.845,1,78798
1618.711,1,78987
1620.577,1,79190
1622.442,1,79040
1624.307,1,79229
1626.172,1,79309
1628.036,1,79201
1629.899,1,79328
1631.762,1,79406
1633.625,1,79880
1635.487,1,79518
1637.349,1,79530
1639.211,1,79782
1641.072,1,79747
1642.932,1,79781
1644.792,1,79616
1646.652,1,79569
1648.511,1,79773
1650.370,1,79710
1652.229,1,79682
1654.087,1,79537
1655.944,1,79428
1657.801,1,79086
1659.658,1,79008
1661.514,1,78806
1663.370,1,78511
1665.226,1,78260
1667.080,1,77957
1668.935,1,77664
1670.789,1,77420
1672.643,1,77471
1674.496,1,77168
1676.349,1,77217
1678.201,1,76617
1680.053,1,76412
1681.905,1,76485
1683.756,1,75997
1685.607,1,75957
1687.457,1,75864
1689.307,1,75328
1691.156,1,75159
1693.005,1,75128
1694.854,1,74917
1696.702,1,74616
1698.550,1,74358
1700.397,1,74205
1702.244,1,73898
1704.090,1,74020
1705.936,1,73915
1707.782,1,73439
1709.627,1,73383
1711.472,1,73045
1713.316,1,72735
1715.160,1,72823
1717.004,1,72543
1718.847,1,72441
1720.689,1,72420
1722.531,1,72208
1724.373,1,72106
1726.215,1,72147
1728.056,1,71865
1729.896,1,71676
1731.736,1,71642
1733.576,1,71547
1735.415,1,71467
1737.254,1,71321
1739.092,1,71142
1740.930,1,71154
1742.768,1,70632
1744.605,1,71055
1746.442,1,70775
1748.278,1,70737
1750.114,1,70342
1751.949,1,70531
1753.784,1,70436
1755.619,1,70230
1757.453,1,70225
1759.287,1,70003
1761.120,1,69892
1762.953,1,69927
1764.785,1,69824
1766.617,1,69346
1768.449,1,69527
1770.280,1,69323
1772.111,1,69311
1773.941,1,69339
1775.771,1,69227
1777.601,1,69129
1779.430,1,68862
1781.259,1,69006
1783.087,1,68832
1784.915,1,68835
1786.742,1,68767
1788.569,1,68762
1790.396,1,68770
1792.222,1,68739
1794.048,1,68737
1795.873,1,68926
1797.698,1,68611
1799.523,1,68599
1801.347,1,68574
1803.171,1,68624
1804.994,1,68664
1806.817,1,68716
1808.639,1,68704
1810.461,1,68782
1812.283,1,68917
1814.104,1,68905
1815.925,1,68835
1817.745,1,68984
1819.565,1,68980
1821.384,1,68962
1823.203,1,69302
1825.022,1,69233
1826.840,1,69272
1828.658,1,69374
1830.476,1,69385
1832.293,1,69345
1834.109,1,69556
1835.925,1,69608
1837.741,1,69527
1839.557,1,69612
1841.372,1,69902
1843.186,1,69856
1845.000,1,69898
1846.814,1,70099
1848.627,1,70505
1850.440,1,70492
1852.253,1,70225
1854.065,1,70471
1855.876,1,70489
1857.687,1,70637
1859.498,1,70652
1861.309,1,70771
1863.119,1,70915
1864.928,1,71095
1866.737,1,70703
1868.546,1,70845
1870.354,1,71033
1872.162,1,71012
1873.970,1,70994
1875.777,1,70983
1877.584,1,71296
1879.390,1,71198
1881.196,1,71340
1883.001,1,71238
1884.806,1,71407
1886.611,1,71178
1888.415,1,71516
1890.219,1,71662
1892.022,1,71295
1893.825,1,71292
1895.628,1,71550
1897.430,1,71366
1899.232,1,71462
1901.033,1,71376
1902.834,1,71498
1904.634,1,71628
1906.434,1,71467
1908.234,1,71643
1910.033,1,71664
1911.832,1,71938
1913.631,1,71714
1915.429,1,71668
1917.226,1,71697
1919.024,1,71625
1920.821,1,71622
1922.617,1,71639
1924.413,1,71811
1926.209,1,71559
1928.004,1,71594
1929.799,1,71797
1931.593,1,71829
1933.387,1,71667
1935.180,1,71938
1936.974,1,71943
1938.766,1,71924
1940.559,1,71781
1942.351,1,71858
1944.142,1,72070
1945.933,1,72010
1947.724,1,71893
1949.514,1,71931
1951.304,1,71865
1953.094,1,71809
1954.883,1,71933
1956.672,1,72028
1958.460,1,72010
1960.248,1,71875
1962.035,1,71901
1963.822,1,71957
1965.609,1,72126
1967.395,1,72284
1969.181,1,71797
1970.967,1,71837
1972.752,1,72199
1974.536,1,72302
1976.320,1,72023
1978.104,1,72063
1979.888,1,72180
1981.671,1,71903
1983.453,1,72205
1985.236,1,72259
1987.017,1,72034
1988.799,1,72238
1990.580,1,72296
1992.360,1,72275
1994.141,1,72387
1995.920,1,72165
1997.700,1,72430
1999.479,1,72253
2001.257,1,72372
2003.036,1,72459
2004.813,1,72276
2006.591,1,72324
2008.368,1,72584
2010.144,1,72581
2011.920,1,72310
2013.696,1,72490
2015.472,1,72577
2017.247,1,72700
2019.021,1,72519
2020.795,1,72840
2022.569,1,72813
2024.342,1,72797
2026.115,1,72761
2027.888,1,72738
2029.660,1,72617
2031.432,1,72884
2033.203,1,73033
2034.974,1,72723
2036.745,1,73170
2038.515,1,72863
2040.285,1,72826
2042.054,1,72949
2043.823,1,73073
2045.592,1,72841
2047.360,1,72995
2049.128,1,73094
2050.895,1,73067
2052.662,1,73251
2054.429,1,73030
2056.195,1,72889
2057.961,1,73121
2059.726,1,73049
2061.491,1,73029
2063.256,1,73245
2065.020,1,73376
2066.783,1,73173
2068.547,1,73383
2070.310,1,73280
2072.072,1,73354
2073.835,1,73402
2075.597,1,73500
2077.358,1,73299
2079.119,1,73612
2080.880,1,73547
2082.640,1,73306
2084.400,1,73331
2086.159,1,73292
2087.918,1,73487
2089.677,1,73329
2091.435,1,73530
2093.193,1,73479
2094.950,1,73626
2096.707,1,73536
2098.464,1,73646
2100.220,1,73536
2101.976,1,73202
2103.732,1,73506
2105.487,1,73661
2107.241,1,73704
2108.996,1,73661
2110.750,1,73475
2112.503,1,73534
2114.256,1,73485
2116.009,1,73658
2117.761,1,73675
2119.513,1,73585
2121.265,1,73571
2123.016,1,73691
2124.767,1,73572
2126.517,1,73788
2128.267,1,73581
2130.017,1,73678
2131.766,1,73571
2133.515,1,73542
2135.263,1,73725
2137.011,1,73613
2138.759,1,73702
2140.506,1,73560
2142.253,1,73482
2143.999,1,73422
2145.745,1,73482
2147.491,1,73518
2149.236,1,73443
2150.981,1,73672
2152.725,1,73694
2154.470,1,73494
2156.213,1,73383
2157.957,1,73483
2159.699,1,73404
2161.442,1,73347
2163.184,1,73433
2164.926,1,73396
2166.667,1,73474
2168.408,1,73434
2170.149,1,73401
2171.889,1,73138
2173.629,1,73420
2175.368,1,73287
2177.107,1,73070
2178.846,1,73425
2180.584,1,73221
2182.322,1,73383
2184.059,1,73255
2185.797,1,72975
2187.533,1,73282
2189.270,1,73092
2191.005,1,73049
2192.741,1,73157
2194.476,1,72969
2196.211,1,73001
2197.945,1,72892
2199.679,1,72975
2201.413,1,72866
2203.146,1,73012
2204.879,1,72838
2206.611,1,72836
2208.343,1,73084
2210.075,1,72455
2211.806,1,72628
2213.537,1,72731
2215.268,1,72659
2216.998,1,72699
2218.727,1,72797
2220.457,1,72569
2222.186,1,72540
2223.914,1,72351
2225.643,1,72345
2227.370,1,72576
2229.098,1,72513
2230.825,1,72503
2232.551,1,72221
2234.278,1,72582
2236.004,1,72303
2237.729,1,72246
2239.454,1,72376
2241.179,1,72332
2242.903,1,72339
2244.627,1,72113
2246.351,1,72109
2248.074,1,72285
2249.797,1,72039
2251.519,1,71925
2253.241,1,72153
2254.963,1,72055
2256.684,1,71862
2258.405,1,71824
2260.125,1,71999
2261.846,1,71871
2263.565,1,71802
2265.285,1,71626
2267.004,1,71762
2268.722,1,71662
2270.440,1,71501
2272.158,1,71583
2273.876,1,71593
2275.593,1,71596
2277.309,1,71644
2279.026,1,71521
2280.742,1,71378
2282.457,1,71356
2284.172,1,71308
2285.887,1,71288
2287.602,1,71350
2289.316,1,71255
2291.029,1,71164
2292.742,1,71228
2294.455,1,71164
2296.168,1,71061
2297.880,1,70976
2299.592,1,71254
2301.303,1,71071
2303.014,1,70739
2304.725,1,70948
2306.435,1,70908
2308.145,1,71040
2309.854,1,70601
2311.563,1,71028
2313.272,1,70991
2314.980,1,71008
2316.688,1,70956
2318.396,1,70752
2320.103,1,70700
2321.810,1,70690
2323.516,1,70771
2325.222,1,70706
2326.928,1,70826
2328.633,1,70840
2330.338,1,70511
2332.042,1,70828
2333.747,1,70835
2335.450,1,70741
2337.154,1,70776
2338.857,1,70682
2340.559,1,70467
2342.262,1,70500
2343.964,1,70530
2345.665,1,70657
2347.366,1,70550
2349.067,1,70482
2350.767,1,70620
2352.467,1,70553
2354.167,1,70490
2355.866,1,70573
2357.565,1,70675
2359.264,1,70521
2360.962,1,70509
2362.660,1,70553
2364.357,1,70533
2366.054,1,70484
2367.751,1,70463
2369.447,1,70558
2371.143,1,70446
2372.838,1,70421
2374.533,1,70508
2376.228,1,70530
2377.923,1,70441
2379.617,1,70402
2381.310,1,70636
2383.003,1,70487
2384.696,1,70489
2386.389,1,70620
2388.081,1,70552
2389.773,1,70430
2391.464,1,70538
2393.155,1,70473
2394.846,1,70550
2396.536,1,70658
2398.226,1,70696
2399.916,1,70680
2401.605,1,70811
2403.294,1,70804
2404.982,1,70530
2406.670,1,70713
2408.358,1,70450
2410.045,1,70561
2411.732,1,70591
2413.418,1,70637
2415.105,1,70645
2416.790,1,70662
2418.476,1,70886
2420.161,1,70667
2421.846,1,70529
2423.530,1,70561
2425.214,1,70597
2426.897,1,70734
2428.581,1,70476
2430.264,1,70731
2431.946,1,70747
2433.628,1,70509
2435.310,1,70736
2436.991,1,70769
2438.672,1,70666
2440.353,1,70546
2442.033,1,70657
2443.713,1,70714
2445.392,1,70621
2447.072,1,70586
2448.750,1,70696
2450.429,1,70660
2452.107,1,70517
2453.785,1,70603
2455.462,1,70646
2457.139,1,70683
2458.815,1,70750
2460.491,1,70526
2462.167,1,70423
2463.843,1,70532
2465.518,1,70510
2467.193,1,70565
2468.867,1,70408
2470.541,1,70530
2472.215,1,70523
2473.888,1,70396
2475.561,1,70416
2477.233,1,70593
2478.905,1,70493
2480.577,1,70456
2482.249,1,70579
2483.920,1,70228
2485.590,1,70497
2487.261,1,70494
2488.931,1,70441
2490.600,1,70366
2492.269,1,70335
2493.938,1,70338
2495.607,1,70469
2497.275,1,70533
2498.943,1,70263
2500.610,1,70366
2502.277,1,70416
2503.944,1,70397
2505.610,1,70471
2507.276,1,70472
2508.942,1,70310
2510.607,1,70329
2512.272,1,70203
2513.936,1,70281
2515.600,1,70331
2517.264,1,70236
2518.927,1,70128
2520.590,1,70133
2522.253,1,70236
2523.915,1,70219
2525.577,1,70199
2527.239,1,69970
2528.900,1,70198
2530.561,1,70180
2532.221,1,70095
2533.881,1,69934
2535.541,1,70072
2537.200,1,70122
2538.859,1,70122
2540.518,1,70122
2542.176,1,70210
2543.834,1,70320
2545.492,1,70237
2547.149,1,69882
2548.806,1,70049
2550.462,1,70259
2552.119,1,70243
2553.774,1,70079
2555.430,1,70089
2557.085,1,70021
2558.740,1,69987
2560.394,1,70063
2562.048,1,69838
2563.701,1,70124
2565.355,1,70019
2567.007,1,70080
2568.660,1,70323
2570.312,1,70154
2571.964,1,70132
2573.615,1,70099
2575.266,1,69983
2576.917,1,69970
2578.568,1,70146
2580.218,1,70093
2581.867,1,70142
2583.516,1,70189
2585.165,1,70105
2586.814,1,70260
2588.462,1,70174
2590.110,1,70287
2591.757,1,70208
2593.405,1,70159
2595.051,1,70082
2596.698,1,70160
2598.344,1,70205
2599.989,1,70409
2601.635,1,70001
2603.280,1,70290
2604.924,1,69987
2606.569,1,70176
2608.212,1,70112
2609.856,1,70129
2611.499,1,70226
2613.142,1,70183
2614.784,1,70163
2616.427,1,70292
2618.068,1,70508
2619.710,1,70130
2621.351,1,70321
2622.991,1,70338
2624.632,1,70211
2626.272,1,70641
2627.911,1,70364
2629.551,1,70437
2631.190,1,70522
2632.828,1,70556
2634.466,1,70470
2636.104,1,70276
2637.742,1,70459
2639.379,1,70264
2641.015,1,70538
2642.652,1,70638
2644.288,1,70653
2645.924,1,70280
2647.559,1,70750
2649.194,1,70255
2650.829,1,70629
2652.463,1,70418
2654.097,1,70325
2655.730,1,70623
2657.364,1,70311
2658.996,1,70466
2660.629,1,70551
2662.261,1,70657
2663.893,1,70467
2665.524,1,70586
2667.155,1,70504
2668.786,1,70538
2670.417,1,70411
2672.047,1,70407
2673.676,1,70758
2675.306,1,70521
2676.935,1,70540
2678.563,1,70496
2680.192,1,70522
2681.819,1,70621
2683.447,1,70644
2685.074,1,70777
2686.701,1,70576
2688.328,1,70657
2689.954,1,70617
2691.580,1,70751
2693.205,1,70773
2694.830,1,70714
2696.455,1,70662
2698.079,1,70698
2699.703,1,70698
2701.327,1,70578
2702.950,1,70743
2704.573,1,70928
2706.196,1,70814
2707.818,1,70745
2709.440,1,70924
2711.062,1,70750
2712.683,1,70772
2714.304,1,70758
2715.924,1,70927
2717.545,1,71088
2719.164,1,70883
