1172.136,1,78369
1174.114,1,74345
1176.091,1,73204
1178.068,1,73318
1180.044,1,73288
1182.020,1,73090
1183.996,1,72989
1185.971,1,72960
1187.945,1,73022
1189.919,1,73005
1191.893,1,73063
1193.866,1,72973
1195.838,1,72811
1197.810,1,73113
1199.782,1,72995
1201.753,1,73322
1203.724,1,73266
1205.694,1,73453
1207.664,1,73336
1209.633,1,73250
1211.602,1,73294
1213.570,1,72974
1215.538,1,73164
1217.506,1,73169
1219.473,1,73059
1221.439,1,73139
1223.405,1,72998
1225.371,1,72841
1227.336,1,73050
1229.300,1,72975
1231.265,1,73187
1233.228,1,73113
1235.191,1,73257
1237.154,1,73344
1239.116,1,73219
1241.078,1,73472
1243.040,1,73275
1245.001,1,73466
1246.961,1,73578
1248.921,1,73336
1250.880,1,73470
1252.839,1,73608
1254.798,1,73312
1256.756,1,73430
1258.714,1,73242
1260.671,1,73467
1262.627,1,73228
1264.584,1,73238
1266.539,1,73494
1268.495,1,73236
1270.449,1,73298
1272.404,1,73400
1274.358,1,73291
1276.311,1,73053
1278.264,1,72966
1280.217,1,72964
1282.169,1,73087
1284.120,1,72839
1286.071,1,72733
1288.022,1,72844
1289.972,1,72687
1291.922,1,72697
1293.871,1,72685
1295.820,1,72693
1297.768,1,72697
1299.716,1,72387
1301.663,1,72397
1303.610,1,72313
1305.557,1,72128
1307.503,1,72404
1309.448,1,72041
1311.394,1,72183
1313.338,1,72256
1315.282,1,72080
1317.226,1,72085
1319.169,1,71608
1321.112,1,71612
1323.054,1,71607
1324.996,1,71522
1326.938,1,71511
1328.879,1,71439
1330.819,1,71354
1332.759,1,71344
1334.699,1,71221
1336.638,1,71214
1338.576,1,71265
1340.515,1,71184
1342.452,1,71334
1344.390,1,71145
1346.326,1,70948
1348.263,1,70887
1350.199,1,70720
1352.134,1,70694
1354.069,1,70539
1356.004,1,70669
1357.938,1,70582
1359.871,1,70670
1361.805,1,70640
1363.737,1,70681
1365.670,1,70772
1367.601,1,70908
1369.533,1,70807
1371.463,1,70725
1373.394,1,70833
1375.324,1,70733
1377.253,1,70695
1379.182,1,70790
1381.111,1,70857
1383.039,1,71054
1384.967,1,71202
1386.894,1,71323
1388.821,1,71123
1390.747,1,71292
1392.673,1,71310
1394.598,1,71250
1396.523,1,71278
1398.448,1,71331
1400.372,1,71180
1402.296,1,71536
1404.219,1,71600
1406.141,1,71700
1408.064,1,71301
1409.985,1,71511
1411.907,1,71621
1413.828,1,71436
1415.748,1,71415
1417.668,1,71550
1419.588,1,71290
1421.507,1,71442
1423.425,1,71526
1425.343,1,71271
1427.261,1,71310
1429.178,1,71400
1431.095,1,71333
1433.011,1,71155
1434.927,1,71242
1436.843,1,71461
1438.758,1,71432
1440.672,1,71316
1442.587,1,71641
1444.500,1,71698
1446.413,1,71790
1448.326,1,71632
1450.238,1,71846
1452.150,1,71688
1454.062,1,71611
1455.973,1,71484
1457.883,1,71681
1459.793,1,71635
1461.703,1,71693
1463.612,1,71713
1465.521,1,71606
1467.429,1,71616
1469.337,1,71552
1471.244,1,71525
1473.151,1,71627
1475.057,1,71514
1476.964,1,71710
1478.869,1,71507
1480.774,1,71461
1482.679,1,71331
1484.583,1,71279
1486.487,1,71477
1488.390,1,71346
1490.293,1,71586
1492.196,1,71765
1494.098,1,71518
1495.999,1,71554
1497.900,1,71747
1499.801,1,71649
1501.701,1,71485
1503.601,1,71731
1505.500,1,71583
1507.399,1,71833
1509.298,1,71758
1511.196,1,72043
1513.093,1,71866
1514.990,1,72095
1516.887,1,71991
1518.783,1,72108
1520.679,1,72078
1522.574,1,72218
1524.469,1,72181
1526.364,1,72247
1528.258,1,72139
1530.151,1,72211
1532.044,1,72192
1533.937,1,72119
1535.829,1,72379
1537.721,1,72698
1539.612,1,72705
1541.503,1,72723
1543.394,1,72651
1545.284,1,72920
1547.173,1,72903
1549.062,1,73091
1550.951,1,72963
1552.839,1,73169
1554.727,1,73193
1556.614,1,73288
1558.501,1,73426
1560.388,1,73404
1562.274,1,73551
1564.159,1,73694
1566.045,1,73772
1567.929,1,74081
1569.814,1,74049
1571.697,1,74565
1573.581,1,74062
1575.464,1,74422
1577.346,1,74437
1579.228,1,74678
1581.110,1,74805
1582.991,1,75249
1584.872,1,75360
1586.752,1,75586
1588.632,1,75706
1590.512,1,75944
1592.391,1,76172
1594.269,1,76317
1596.147,1,76663
1598.025,1,76848
1599.902,1,77058
1601.779,1,77695
1603.656,1,77949
1605.532,1,77970
1607.407,1,78240
1609.282,1,78509
1611.157,1,78700
1613.031,1,79077
1614.905,1,79318
1616.778,1,79535
1618.651,1,79616
1620.524,1,79690
1622.396,1,79892
1624.267,1,80154
1626.138,1,80361
1628.009,1,80453
1629.879,1,80571
1631.749,1,80598
1633.619,1,80751
1635.488,1,80710
1637.356,1,81033
1639.224,1,81122
1641.092,1,81124
1642.959,1,81263
1644.826,1,81046
1646.692,1,80807
1648.558,1,80906
1650.424,1,80771
1652.289,1,80707
1654.154,1,80678
1656.018,1,80233
1657.882,1,80263
1659.745,1,80072
1661.608,1,79715
1663.470,1,79525
1665.332,1,79237
1667.194,1,78787
1669.055,1,78569
1670.916,1,78312
1672.776,1,77965
1674.636,1,77491
1676.496,1,77391
1678.355,1,76910
1680.213,1,76824
1682.071,1,76535
1683.929,1,76324
1685.786,1,75856
1687.643,1,75707
1689.500,1,75527
1691.356,1,75088
1693.211,1,74867
1695.066,1,74597
1696.921,1,74387
1698.775,1,74151
1700.629,1,73975
1702.483,1,73661
1704.336,1,73594
1706.188,1,73365
1708.040,1,73220
1709.892,1,73199
1711.743,1,72969
1713.594,1,72505
1715.445,1,72523
1717.295,1,72510
1719.144,1,72102
1720.994,1,72058
1722.842,1,72078
1724.691,1,71698
1726.538,1,71635
1728.386,1,71572
1730.233,1,71414
1732.079,1,71238
1733.926,1,71216
1735.771,1,71008
1737.617,1,71009
1739.462,1,70853
1741.306,1,70858
1743.150,1,70723
1744.994,1,70426
1746.837,1,70351
1748.680,1,70310
1750.522,1,70231
1752.364,1,70246
1754.205,1,70119
1756.046,1,70050
1757.887,1,69925
1759.727,1,69780
1761.567,1,69611
1763.406,1,69845
1765.245,1,69573
1767.084,1,69475
1768.922,1,69470
1770.759,1,69717
1772.597,1,69347
1774.433,1,69416
1776.270,1,69152
1778.106,1,69173
1779.941,1,69151
1781.776,1,68931
1783.611,1,68906
1785.445,1,69054
1787.279,1,69045
1789.113,1,68804
1790.946,1,68844
1792.778,1,68884
1794.610,1,68771
1796.442,1,68764
1798.274,1,68605
1800.104,1,68626
1801.935,1,68480
1803.765,1,68747
1805.595,1,68755
1807.424,1,68868
1809.253,1,68676
1811.081,1,68609
1812.909,1,68819
1814.736,1,68462
1816.564,1,68605
1818.390,1,68504
1820.217,1,68696
1822.042,1,68560
1823.868,1,68469
1825.693,1,68630
1827.517,1,68470
1829.342,1,68477
1831.165,1,68582
1832.989,1,68585
1834.812,1,68493
1836.634,1,68522
1838.456,1,68605
1840.278,1,68580
1842.099,1,68516
1843.920,1,68530
1845.740,1,68543
1847.560,1,68404
1849.380,1,68560
1851.199,1,68630
1853.018,1,68750
1854.836,1,68609
1856.654,1,68730
1858.471,1,68638
1860.289,1,68566
1862.105,1,68533
1863.921,1,68576
1865.737,1,68463
1867.553,1,68560
1869.368,1,68575
1871.182,1,68639
1872.996,1,68587
1874.810,1,69010
1876.623,1,68645
1878.436,1,68732
1880.249,1,68495
1882.061,1,68739
1883.873,1,68627
1885.684,1,68788
1887.495,1,68754
1889.305,1,68612
1891.115,1,68618
1892.925,1,68633
1894.734,1,68573
1896.543,1,68624
1898.351,1,68779
1900.159,1,68603
1901.966,1,68614
1903.774,1,68809
1905.580,1,68723
1907.387,1,68616
1909.192,1,68643
1910.998,1,68804
1912.803,1,68865
1914.608,1,68841
1916.412,1,68873
1918.216,1,68765
1920.019,1,68612
1921.822,1,68675
1923.625,1,68638
1925.427,1,68834
1927.228,1,68702
1929.030,1,69044
1930.831,1,68959
1932.631,1,68764
1934.431,1,68921
1936.231,1,69025
1938.030,1,68908
1939.829,1,68945
1941.628,1,68990
1943.426,1,69049
1945.223,1,68974
1947.021,1,68825
1948.817,1,69311
1950.614,1,69216
1952.410,1,69235
1954.205,1,69090
1956.001,1,69270
1957.795,1,69464
1959.590,1,69455
1961.384,1,69446
1963.177,1,69360
1964.970,1,69348
1966.763,1,69567
1968.555,1,69329
1970.347,1,69310
1972.139,1,69456
1973.930,1,69503
1975.721,1,69667
1977.511,1,69367
1979.301,1,69777
1981.090,1,69592
1982.879,1,69748
1984.668,1,69693
1986.456,1,69683
1988.244,1,69715
1990.032,1,69880
1991.819,1,69688
1993.605,1,69862
1995.391,1,69768
1997.177,1,69950
1998.963,1,69807
2000.748,1,70007
2002.532,1,70168
2004.316,1,69974
2006.100,1,69906
2007.884,1,70111
2009.667,1,69992
2011.449,1,69969
2013.231,1,70101
2015.013,1,70051
2016.794,1,70140
2018.575,1,70179
2020.356,1,70428
2022.136,1,70316
2023.916,1,70270
2025.695,1,70357
2027.474,1,70367
2029.253,1,70422
2031.031,1,70492
2032.808,1,70390
2034.586,1,70356
2036.363,1,70364
2038.139,1,70523
2039.915,1,70298
2041.691,1,70344
2043.466,1,70417
2045.241,1,70637
2047.016,1,70448
2048.790,1,70472
2050.564,1,70502
2052.337,1,70615
2054.110,1,70563
2055.882,1,70411
2057.654,1,70759
2059.426,1,70732
2061.197,1,70465
2062.968,1,70657
2064.739,1,70512
2066.509,1,70517
2068.278,1,70519
2070.048,1,70433
2071.817,1,70470
2073.585,1,70482
2075.353,1,70554
2077.121,1,70803
2078.888,1,70742
2080.655,1,70628
2082.421,1,70709
2084.188,1,70430
2085.953,1,70643
2087.719,1,70834
2089.483,1,70612
2091.248,1,70638
2093.012,1,70831
2094.776,1,70812
2096.539,1,70698
2098.302,1,70870
2100.064,1,70616
2101.826,1,70806
2103.588,1,70670
2105.349,1,70890
2107.110,1,70711
2108.871,1,70706
2110.631,1,70713
2112.391,1,70618
2114.150,1,70759
2115.909,1,70793
2117.667,1,70640
2119.426,1,70731
2121.183,1,70665
2122.941,1,70594
2124.698,1,70497
2126.454,1,70460
2128.210,1,70528
2129.966,1,70788
2131.721,1,70405
2133.476,1,70598
2135.231,1,70733
2136.985,1,70520
2138.739,1,70408
2140.492,1,70460
2142.245,1,70566
2143.998,1,70424
2145.750,1,70447
2147.502,1,70617
2149.253,1,70428
2151.004,1,70442
2152.755,1,70389
2154.505,1,70502
2156.255,1,70432
2158.004,1,70448
2159.753,1,70457
2161.502,1,70357
2163.250,1,70392
2164.998,1,70341
2166.745,1,70321
2168.493,1,70408
2170.239,1,70274
2171.986,1,70248
2173.731,1,70162
2175.477,1,70198
2177.222,1,70350
2178.967,1,70426
2180.711,1,70287
2182.455,1,70260
2184.199,1,70271
2185.942,1,70256
2187.684,1,70271
2189.427,1,70532
2191.169,1,70344
2192.910,1,70260
2194.652,1,70078
2196.392,1,70424
2198.133,1,70198
2199.873,1,70069
2201.612,1,70234
2203.352,1,70091
2205.091,1,70281
2206.829,1,70237
2208.567,1,70168
2210.305,1,70115
2212.042,1,70202
2213.779,1,70180
2215.515,1,56850
2217.252,1,69860
2218.987,1,70261
2220.723,1,69942
2222.458,1,70083
2224.192,1,69787
2225.926,1,69914
2227.660,1,69970
2229.394,1,69847
2231.127,1,69669
2232.859,1,69907
2234.591,1,69855
2236.323,1,69703
2238.055,1,69674
2239.786,1,69641
2241.516,1,69585
2243.247,1,69655
2244.977,1,69746
2246.706,1,69603
2248.435,1,69492
2250.164,1,69450
2251.892,1,69514
2253.620,1,69670
2255.348,1,69235
2257.075,1,69542
2258.802,1,69566
2260.528,1,69247
2262.255,1,69361
2263.980,1,69482
2265.705,1,69287
2267.430,1,69293
2269.155,1,69199
2270.879,1,69128
2272.603,1,69143
2274.326,1,69176
2276.049,1,69166
2277.772,1,69115
2279.494,1,68951
2281.216,1,69039
2282.937,1,68935
2284.658,1,68874
2286.379,1,69051
2288.099,1,68924
2289.819,1,69007
2291.538,1,69080
2293.258,1,68901
2294.976,1,68831
2296.695,1,68861
2298.413,1,68851
2300.130,1,68786
2301.847,1,68755
2303.564,1,68777
2305.281,1,68886
2306.997,1,68836
2308.712,1,68825
2310.428,1,68723
2312.143,1,68891
2313.857,1,68693
2315.571,1,68519
2317.285,1,68553
2318.998,1,68860
2320.711,1,68696
2322.424,1,68651
2324.136,1,68586
2325.848,1,68367
2327.560,1,68386
2329.271,1,68820
2330.981,1,68517
2332.692,1,68423
2334.402,1,68269
2336.111,1,68478
2337.820,1,68345
2339.529,1,68364
2341.238,1,68330
2342.946,1,68230
2344.653,1,68241
2346.361,1,68219
2348.068,1,68265
2349.774,1,68257
2351.480,1,68357
2353.186,1,68174
2354.892,1,68213
2356.597,1,68436
2358.301,1,68315
2360.005,1,68159
2361.709,1,68061
2363.413,1,68192
2365.116,1,68224
2366.819,1,68182
2368.521,1,68237
2370.223,1,68159
2371.925,1,67871
2373.626,1,68063
2375.327,1,67930
2377.027,1,68164
2378.727,1,67894
2380.427,1,68010
2382.126,1,67884
2383.825,1,67826
2385.524,1,67861
2387.222,1,67846
2388.920,1,67964
2390.618,1,67932
2392.315,1,67789
2394.011,1,67770
2395.708,1,67721
2397.404,1,67592
2399.099,1,67619
2400.794,1,67682
2402.489,1,67547
2404.184,1,67553
2405.878,1,67448
2407.571,1,67495
2409.265,1,67588
2410.958,1,67550
2412.650,1,67538
2414.343,1,67322
2416.034,1,67307
2417.726,1,67275
2419.417,1,67194
2421.108,1,67197
2422.798,1,67454
2424.488,1,67279
2426.178,1,67283
2427.867,1,67165
2429.556,1,67090
2431.244,1,67096
2432.932,1,67023
2434.620,1,67054
2436.307,1,66961
2437.994,1,66936
2439.681,1,66841
2441.367,1,66896
2443.053,1,66764
2444.738,1,66924
2446.424,1,66839
2448.108,1,66872
2449.793,1,66525
2451.477,1,66773
2453.160,1,66784
2454.844,1,66611
2456.526,1,66570
2458.209,1,66639
2459.891,1,66516
2461.573,1,66599
2463.254,1,66615
2464.935,1,66515
2466.616,1,66493
2468.296,1,66388
2469.976,1,66408
2471.656,1,66444
2473.335,1,66394
2475.014,1,66277
2476.692,1,66520
2478.370,1,66196
2480.048,1,66201
2481.725,1,66297
2483.402,1,66222
2485.079,1,66131
2486.755,1,66312
2488.431,1,66061
2490.106,1,66106
2491.781,1,66179
2493.456,1,66248
2495.130,1,66230
2496.804,1,66227
2498.478,1,66161
2500.151,1,66202
2501.824,1,65946
2503.497,1,66039
2505.169,1,66022
2506.841,1,65976
2508.512,1,66000
2510.183,1,66066
2511.854,1,66002
2513.524,1,66133
2515.194,1,66205
2516.864,1,66041
2518.533,1,66143
2520.202,1,65936
2521.870,1,66024
2523.538,1,66216
2525.206,1,65973
2526.874,1,65959
2528.541,1,66002
2530.207,1,65992
2531.873,1,66035
2533.539,1,66086
2535.205,1,66230
2536.870,1,66048
2538.535,1,66133
2540.199,1,65945
2541.864,1,65871
2543.527,1,66044
2545.191,1,65881
2546.854,1,65956
2548.516,1,66085
2550.179,1,66034
2551.840,1,66115
2553.502,1,66061
2555.163,1,66021
2556.824,1,66113
2558.484,1,65917
2560.144,1,65903
2561.804,1,65985
2563.464,1,65994
2565.123,1,65968
2566.781,1,66048
2568.439,1,65852
2570.097,1,66091
2571.755,1,65963
2573.412,1,65889
2575.069,1,65816
2576.725,1,65690
2578.381,1,65993
2580.037,1,65781
2581.692,1,65689
2583.347,1,65518
2585.002,1,65932
2586.656,1,65630
2588.310,1,65640
2589.964,1,65537
2591.617,1,65532
2593.270,1,65471
2594.922,1,65582
2596.574,1,65310
2598.226,1,65323
2599.877,1,65487
2601.528,1,65236
2603.179,1,65361
2604.829,1,65220
2606.479,1,65208
2608.129,1,65281
2609.778,1,65285
2611.427,1,65115
2613.076,1,65092
2614.724,1,65067
2616.371,1,65153
2618.019,1,64990
2619.666,1,65042
2621.313,1,65117
2622.959,1,65142
2624.605,1,65203
2626.250,1,65112
2627.896,1,65122
2629.541,1,65277
2631.185,1,65122
2632.829,1,65107
2634.473,1,65368
2636.117,1,64993
2637.760,1,65425
2639.402,1,65227
2641.045,1,65545
2642.687,1,65450
2644.329,1,65650
2645.970,1,65425
2647.611,1,65639
2649.251,1,65665
2650.892,1,65718
2652.532,1,65616
2654.171,1,65876
2655.810,1,65989
2657.449,1,65992
2659.087,1,66181
2660.726,1,66353
2662.363,1,66324
2664.001,1,66480
2665.638,1,66210
2667.274,1,66600
2668.911,1,66816
2670.547,1,66822
2672.182,1,66830
2673.817,1,67080
2675.452,1,67143
2677.087,1,67302
2678.721,1,67187
2680.355,1,67188
2681.988,1,67241
2683.621,1,67491
2685.254,1,67395
2686.887,1,67502
2688.519,1,67546
2690.150,1,67540
2691.782,1,67679
2693.413,1,67787
2695.043,1,67772
2696.674,1,68064
2698.304,1,67901
2699.933,1,68015
2701.562,1,68015
2703.191,1,67970
2704.820,1,67960
2706.448,1,68205
2708.076,1,67861
2709.703,1,68046
2711.330,1,68273
2712.957,1,68192
2714.583,1,68214
2716.209,1,68160
2717.835,1,68627
2719.460,1,68502
2721.085,1,68498
2722.710,1,68609
2724.334,1,68390
2725.958,1,68478
2727.582,1,68798
2729.205,1,68479
2730.828,1,68650
2732.450,1,68794
2734.072,1,68623
2735.694,1,68788
2737.316,1,68738
2738.937,1,68977
2740.557,1,68611
2742.178,1,68682
2743.798,1,69015
2745.418,1,68757
2747.037,1,68789
2748.656,1,68835
2750.274,1,68989
2751.893,1,69062
2753.511,1,69173
2755.128,1,69096
2756.746,1,69162
2758.362,1,69110
2759.979,1,69160
2761.595,1,69319
2763.211,1,69174
2764.826,1,69253
2766.442,1,69486
2768.056,1,69298
2769.671,1,69533
2771.285,1,69376
2772.899,1,69306
2774.512,1,69488
2776.125,1,69531
2777.738,1,69541
2779.350,1,69569
2780.962,1,69632
2782.574,1,69726
2784.185,1,69805
2785.796,1,69565
2787.407,1,69946
2789.017,1,69974
2790.627,1,70114
2792.236,1,70031
2793.846,1,70249
2795.455,1,70123
2797.063,1,69902
2798.671,1,70028
2800.279,1,70127
2801.887,1,70314
2803.494,1,70532
2805.100,1,70431
2806.707,1,70682
2808.313,1,70694
2809.919,1,70591
2811.524,1,70916
2813.129,1,70886
2814.734,1,70802
2816.338,1,70924
2817.942,1,71021
2819.546,1,71234
2821.149,1,71579
2822.752,1,71159
2824.355,1,71504
2825.957,1,71506
2827.559,1,71693
2829.161,1,71887
2830.762,1,71854
2832.363,1,72037
2833.963,1,72255
2835.564,1,72356
2837.164,1,72312
2838.763,1,72362
2840.362,1,72645
2841.961,1,72511
2843.560,1,72915
2845.158,1,73025
2846.756,1,73178
2848.353,1,73222
2849.950,1,73719
2851.547,1,73923
2853.143,1,73984
2854.739,1,74128
2856.335,1,74321
2857.931,1,74744
2859.526,1,74965
2861.120,1,75308
2862.715,1,75319
2864.309,1,76069
2865.903,1,76247
2867.496,1,76704
2869.089,1,76880
2870.682,1,76981
2872.274,1,77421
2873.866,1,77411
2875.457,1,77661
2877.049,1,77818
2878.640,1,77862
2880.230,1,78161
2881.821,1,78120
2883.411,1,78565
2885.000,1,78451
2886.589,1,78839
2888.178,1,78792
2889.767,1,79160
2891.355,1,79343
2892.943,1,80021
2894.531,1,80189
2896.118,1,80294
2897.705,1,80631
2899.291,1,81042
2900.877,1,81356
2902.463,1,81663
2904.049,1,82128
2905.634,1,82136
2907.219,1,82698
2908.803,1,83236
2910.387,1,83345
2911.971,1,84153
2913.555,1,84191
2915.138,1,84926
2916.720,1,85308
2918.303,1,85863
2919.885,1,86284
2921.467,1,86797
2923.048,1,87094
2924.629,1,87695
2926.210,1,88025
2927.790,1,88162
2929.371,1,88324
2930.950,1,88430
2932.530,1,88796
2934.109,1,89304
2935.687,1,89399
2937.266,1,89537
2938.844,1,89969
2940.422,1,89927
2941.999,1,90220
2943.576,1,90473
2945.153,1,90377
2946.729,1,90527
2948.305,1,90663
2949.881,1,90743
2951.456,1,91305
2953.031,1,91389
2954.606,1,91747
2956.180,1,91822
2957.754,1,92069
2959.328,1,92539
2960.901,1,92526
2962.474,1,93173
2964.047,1,93470
2965.619,1,93794
2967.191,1,94120
2968.763,1,94320
2970.334,1,94917
2971.905,1,95167
2973.476,1,95175
2975.046,1,96293
2976.616,1,96601
2978.186,1,96725
2979.755,1,97183
2981.324,1,97641
2982.893,1,97751
2984.461,1,98819
2986.029,1,98913
2987.597,1,99567
2989.164,1,99780
2990.731,1,100303
2992.298,1,100910
2993.864,1,101393
2995.430,1,101907
2996.995,1,102228
2998.561,1,102743
3000.126,1,103116
3001.690,1,103867
3003.255,1,104366
3004.819,1,104751
3006.382,1,105566
3007.946,1,106374
3009.509,1,106782
3011.071,1,108010
3012.634,1,108277
3014.195,1,109210
3015.757,1,109658
3017.318,1,110502
3018.879,1,111139
3020.440,1,111697
3022.000,1,112667
3023.560,1,113582
3025.120,1,114412
3026.679,1,115378
3028.238,1,115866
3029.797,1,116834
3031.355,1,117798
3032.913,1,118270
3034.471,1,119708
3036.028,1,120780
3037.585,1,120993
3039.142,1,122923
3040.698,1,123425
3042.254,1,124454
3043.810,1,125246
3045.365,1,126316
3046.920,1,127587
3048.475,1,128321
3050.029,1,129340
3051.583,1,130669
3053.137,1,131743
3054.690,1,132340
3056.243,1,133773
3057.796,1,135081
3059.349,1,136325
3060.901,1,137138
3062.452,1,138215
3064.004,1,139683
3065.555,1,140562
3067.106,1,141488
3068.656,1,142888
3070.206,1,143846
3071.756,1,145199
3073.305,1,146215
3074.854,1,148020
3076.403,1,148870
3077.951,1,149971
3079.500,1,151447
3081.047,1,153528
3082.595,1,154210
3084.142,1,155757
3085.689,1,157437
3087.235,1,158251
3088.781,1,160234
3090.327,1,161316
3091.873,1,163288
3093.418,1,164672
3094.963,1,166534
3096.507,1,167669
3098.051,1,169177
3099.595,1,171272
3101.139,1,172806
3102.682,1,174899
3104.225,1,176511
3105.767,1,178333
3107.310,1,179880
3108.851,1,182048
3110.393,1,183849
3111.934,1,185518
3113.475,1,187545
3115.016,1,189200
3116.556,1,191457
3118.096,1,193354
3119.636,1,194656
3121.175,1,197192
3122.714,1,199379
3124.252,1,201110
3125.791,1,203331
3127.329,1,205452
3128.866,1,207175
3130.404,1,209538
3131.941,1,211560
3133.477,1,213439
3135.014,1,216097
3136.550,1,217874
3138.086,1,220135
3139.621,1,222422
3141.156,1,223877
3142.691,1,226463
3144.225,1,228673
3145.759,1,230492
3147.293,1,233253
3148.827,1,235424
3150.360,1,238072
3151.892,1,239592
3153.425,1,242434
3154.957,1,243650
3156.489,1,246611
3158.020,1,248540
3159.552,1,251096
3161.082,1,253609
3162.613,1,255399
3164.143,1,257611
3165.673,1,260124
3167.203,1,261292
3168.732,1,263799
3170.261,1,266483
3171.790,1,267673
3173.318,1,270310
3174.846,1,272270
3176.373,1,275202
3177.901,1,276967
3179.428,1,278380
3180.954,1,280110
3182.481,1,282824
3184.007,1,283804
3185.533,1,286435
3187.058,1,288020
3188.583,1,289221
3190.108,1,291125
3191.632,1,292972
3193.156,1,295154
3194.680,1,296259
3196.204,1,297158
3197.727,1,299852
3199.250,1,300795
3200.772,1,301816
3202.294,1,304209
3203.816,1,305479
3205.338,1,306737
3206.859,1,307892
3208.380,1,308809
3209.900,1,310838
3211.421,1,311336
3212.941,1,311655
3214.460,1,312962
3215.980,1,314285
3217.499,1,314688
3219.017,1,315184
3220.536,1,315964
3222.054,1,316863
3223.571,1,317916
3225.089,1,318633
3226.606,1,319060
3228.123,1,319821
3229.639,1,320108
3231.155,1,320125
3232.671,1,321638
3234.187,1,323361
3235.702,1,322538
3237.217,1,323298
3238.731,1,323318
3240.245,1,323215
3241.759,1,324218
3243.273,1,323847
3244.786,1,324297
3246.299,1,324620
3247.812,1,324604
3249.324,1,324990
3250.836,1,325428
3252.348,1,324791
3253.859,1,324909
3255.370,1,325496
3256.881,1,325998
3258.392,1,325223
3259.902,1,326436
3261.411,1,326217
3262.921,1,326046
3264.430,1,325021
3265.939,1,325896
3267.447,1,326250
3268.956,1,325629
3270.464,1,326407
3271.971,1,326087
3273.478,1,325730
3274.985,1,326143
3276.492,1,327018
3277.998,1,326332
3279.504,1,326350
3281.010,1,325897
3282.515,1,325831
3284.021,1,326793
3285.525,1,326198
3287.030,1,326623
3288.534,1,326587
3290.038,1,327265
3291.541,1,327772
3293.044,1,327210
3294.547,1,327395
3296.050,1,327089
3297.552,1,327318
3299.054,1,327767
3300.556,1,327239
3302.057,1,328051
3303.558,1,327956
3305.059,1,328072
3306.559,1,327976
3308.059,1,329163
3309.559,1,329460
3311.058,1,330215
3312.557,1,329928
3314.056,1,331361
3315.554,1,331446
3317.053,1,331776
3318.551,1,332106
3320.048,1,332173
3321.545,1,332626
3323.042,1,332604
3324.539,1,333289
3326.035,1,333403
3327.531,1,333330
3329.027,1,333242
3330.522,1,334027
3332.017,1,334932
3333.512,1,334734
3335.006,1,335846
3336.501,1,336244
3337.994,1,336308
3339.488,1,336935
3340.981,1,335936
3342.474,1,337624
3343.966,1,337957
3345.459,1,337990
3346.951,1,338198
3348.442,1,339519
3349.934,1,338829
3351.425,1,340002
3352.915,1,339380
3354.406,1,340234
3355.896,1,340987
3357.386,1,341432
3358.875,1,342245
3360.364,1,342288
3361.853,1,342773
3363.342,1,344054
3364.830,1,344542
3366.318,1,344989
3367.805,1,345764
3369.293,1,346402
3370.780,1,346541
3372.266,1,346139
3373.753,1,347029
3375.239,1,348232
3376.725,1,348371
3378.210,1,348071
3379.695,1,348003
3381.180,1,348385
3382.665,1,348732
3384.149,1,348632
3385.633,1,348332
3387.116,1,349122
3388.600,1,348865
3390.083,1,348723
3391.565,1,348787
3393.048,1,349484
3394.530,1,348344
3396.011,1,349028
3397.493,1,348392
3398.974,1,347983
3400.455,1,347782
3401.935,1,348088
3403.416,1,347621
3404.895,1,347649
3406.375,1,347467
3407.854,1,347073
3409.333,1,345142
3410.812,1,346553
3412.290,1,345658
3413.769,1,345232
3415.246,1,344298
3416.724,1,344335
3418.201,1,344146
3419.678,1,343482
3421.154,1,342837
3422.631,1,342176
3424.106,1,342447
3425.582,1,341695
3427.057,1,339337
3428.532,1,338665
3430.007,1,337437
3431.482,1,336744
3432.956,1,335609
3434.429,1,334253
3435.903,1,333254
3437.376,1,333172
3438.849,1,331459
3440.322,1,331159
3441.794,1,330531
3443.266,1,329606
3444.738,1,328260
3446.209,1,326599
3447.680,1,325917
3449.151,1,325570
3450.621,1,323450
3452.091,1,321864
3453.561,1,321181
3455.031,1,320096
