1172.136,1,283800
1174.114,1,281088
1176.091,1,280484
1178.068,1,281065
1180.044,1,281453
1182.020,1,281777
1183.996,1,280937
1185.971,1,281545
1187.945,1,281128
1189.919,1,281308
1191.893,1,280791
1193.866,1,280590
1195.838,1,281038
1197.810,1,281948
1199.782,1,281679
1201.753,1,281844
1203.724,1,282638
1205.694,1,284028
1207.664,1,285798
1209.633,1,286292
1211.602,1,286162
1213.570,1,287064
1215.538,1,287133
1217.506,1,286039
1219.473,1,284000
1221.439,1,284263
1223.405,1,284554
1225.371,1,284154
1227.336,1,284211
1229.300,1,284238
1231.265,1,284703
1233.228,1,285445
1235.191,1,285013
1237.154,1,285456
1239.116,1,286542
1241.078,1,287718
1243.040,1,288025
1245.001,1,288630
1246.961,1,289427
1248.921,1,289171
1250.880,1,289558
1252.839,1,289812
1254.798,1,290247
1256.756,1,290360
1258.714,1,289892
1260.671,1,290051
1262.627,1,289107
1264.584,1,289454
1266.539,1,289302
1268.495,1,290206
1270.449,1,289750
1272.404,1,289882
1274.358,1,289087
1276.311,1,289573
1278.264,1,289012
1280.217,1,289156
1282.169,1,288513
1284.120,1,287406
1286.071,1,287972
1288.022,1,286942
1289.972,1,286675
1291.922,1,286497
1293.871,1,285703
1295.820,1,285149
1297.768,1,284607
1299.716,1,284714
1301.663,1,284413
1303.610,1,283196
1305.557,1,282859
1307.503,1,283282
1309.448,1,283940
1311.394,1,283117
1313.338,1,283422
1315.282,1,282272
1317.226,1,281980
1319.169,1,282349
1321.112,1,281855
1323.054,1,281196
1324.996,1,280877
1326.938,1,279730
1328.879,1,279502
1330.819,1,278246
1332.759,1,277828
1334.699,1,276863
1336.638,1,277343
1338.576,1,277171
1340.515,1,276370
1342.452,1,277081
1344.390,1,276594
1346.326,1,276399
1348.263,1,275333
1350.199,1,274403
1352.134,1,274049
1354.069,1,273750
1356.004,1,272305
1357.938,1,271928
1359.871,1,271098
1361.805,1,271315
1363.737,1,270722
1365.670,1,269595
1367.601,1,269636
1369.533,1,270206
1371.463,1,270357
1373.394,1,268841
1375.324,1,270112
1377.253,1,270023
1379.182,1,269468
1381.111,1,269955
1383.039,1,270322
1384.967,1,270401
1386.894,1,271551
1388.821,1,272599
1390.747,1,273426
1392.673,1,274666
1394.598,1,275429
1396.523,1,274834
1398.448,1,275591
1400.372,1,276942
1402.296,1,277173
1404.219,1,279049
1406.141,1,277575
1408.064,1,278054
1409.985,1,277974
1411.907,1,278280
1413.828,1,279106
1415.748,1,278336
1417.668,1,279060
1419.588,1,278800
1421.507,1,278937
1423.425,1,279452
1425.343,1,278845
1427.261,1,279613
1429.178,1,279166
1431.095,1,277903
1433.011,1,277568
1434.927,1,277812
1436.843,1,278024
1438.758,1,277241
1440.672,1,277883
1442.587,1,279257
1444.500,1,280463
1446.413,1,280362
1448.326,1,282432
1450.238,1,282639
1452.150,1,283341
1454.062,1,283673
1455.973,1,283133
1457.883,1,282557
1459.793,1,281648
1461.703,1,280431
1463.612,1,280264
1465.521,1,279978
1467.429,1,279153
1469.337,1,278643
1471.244,1,277877
1473.151,1,276493
1475.057,1,275963
1476.964,1,274904
1478.869,1,274237
1480.774,1,274201
1482.679,1,273125
1484.583,1,272506
1486.487,1,272486
1488.390,1,271797
1490.293,1,271349
1492.196,1,271568
1494.098,1,271550
1495.999,1,271842
1497.900,1,271714
1499.801,1,271258
1501.701,1,271770
1503.601,1,272637
1505.500,1,272437
1507.399,1,271886
1509.298,1,272143
1511.196,1,272706
1513.093,1,273487
1514.990,1,273555
1516.887,1,273341
1518.783,1,274007
1520.679,1,274594
1522.574,1,275105
1524.469,1,275216
1526.364,1,275648
1528.258,1,275671
1530.151,1,276420
1532.044,1,275966
1533.937,1,275503
1535.829,1,274746
1537.721,1,275712
1539.612,1,276005
1541.503,1,275613
1543.394,1,275838
1545.284,1,275910
1547.173,1,276124
1549.062,1,276857
1550.951,1,277411
1552.839,1,277542
1554.727,1,277871
1556.614,1,278946
1558.501,1,278221
1560.388,1,277717
1562.274,1,278975
1564.159,1,278550
1566.045,1,278986
1567.929,1,279556
1569.814,1,279260
1571.697,1,279978
1573.581,1,280789
1575.464,1,281335
1577.346,1,281486
1579.228,1,281231
1581.110,1,281832
1582.991,1,283053
1584.872,1,283186
1586.752,1,283726
1588.632,1,285512
1590.512,1,285905
1592.391,1,286649
1594.269,1,287186
1596.147,1,287984
1598.025,1,288173
1599.902,1,289501
1601.779,1,291092
1603.656,1,292883
1605.532,1,293328
1607.407,1,294860
1609.282,1,296983
1611.157,1,297155
1613.031,1,298171
1614.905,1,298339
1616.778,1,299388
1618.651,1,300536
1620.524,1,301749
1622.396,1,302167
1624.267,1,302288
1626.138,1,303430
1628.009,1,303435
1629.879,1,304912
1631.749,1,304894
1633.619,1,304634
1635.488,1,307330
1637.356,1,308314
1639.224,1,308973
1641.092,1,309952
1642.959,1,310418
1644.826,1,311327
1646.692,1,313569
1648.558,1,313855
1650.424,1,313871
1652.289,1,315482
1654.154,1,315821
1656.018,1,315248
1657.882,1,315699
1659.745,1,315345
1661.608,1,314055
1663.470,1,312228
1665.332,1,311382
1667.194,1,309065
1669.055,1,307086
1670.916,1,305215
1672.776,1,303305
1674.636,1,301852
1676.496,1,300575
1678.355,1,298805
1680.213,1,297545
1682.071,1,295316
1683.929,1,294012
1685.786,1,293372
1687.643,1,291060
1689.500,1,290055
1691.356,1,288696
1693.211,1,287835
1695.066,1,285510
1696.921,1,284264
1698.775,1,283628
1700.629,1,283281
1702.483,1,281252
1704.336,1,280726
1706.188,1,280212
1708.040,1,280048
1709.892,1,278859
1711.743,1,278148
1713.594,1,277931
1715.445,1,278141
1717.295,1,276921
1719.144,1,277071
1720.994,1,275259
1722.842,1,274496
1724.691,1,274110
1726.538,1,273351
1728.386,1,273199
1730.233,1,272874
1732.079,1,272220
1733.926,1,272345
1735.771,1,271653
1737.617,1,271812
1739.462,1,271569
1741.306,1,270852
1743.150,1,270681
1744.994,1,270672
1746.837,1,269861
1748.680,1,269935
1750.522,1,269245
1752.364,1,269157
1754.205,1,268579
1756.046,1,268008
1757.887,1,268249
1759.727,1,267963
1761.567,1,267286
1763.406,1,266534
1765.245,1,266338
1767.084,1,265918
1768.922,1,265794
1770.759,1,265699
1772.597,1,265777
1774.433,1,265216
1776.270,1,264856
1778.106,1,264729
1779.941,1,263832
1781.776,1,264066
1783.611,1,263940
1785.445,1,263888
1787.279,1,263567
1789.113,1,263814
1790.946,1,263834
1792.778,1,263695
1794.610,1,262538
1796.442,1,262498
1798.274,1,262674
1800.104,1,263125
1801.935,1,262562
1803.765,1,262624
1805.595,1,262486
1807.424,1,262550
1809.253,1,262850
1811.081,1,262810
1812.909,1,262447
1814.736,1,262222
1816.564,1,262844
1818.390,1,262882
1820.217,1,262313
1822.042,1,262228
1823.868,1,261919
1825.693,1,262324
1827.517,1,262289
1829.342,1,262811
1831.165,1,262634
1832.989,1,263269
1834.812,1,263116
1836.634,1,262480
1838.456,1,262784
1840.278,1,262661
1842.099,1,262630
1843.920,1,262566
1845.740,1,262829
1847.560,1,263089
1849.380,1,263521
1851.199,1,263390
1853.018,1,263600
1854.836,1,263274
1856.654,1,263742
1858.471,1,263001
1860.289,1,263793
1862.105,1,263687
1863.921,1,263799
1865.737,1,263813
1867.553,1,263575
1869.368,1,263630
1871.182,1,263866
1872.996,1,263014
1874.810,1,264363
1876.623,1,263629
1878.436,1,263809
1880.249,1,263588
1882.061,1,263731
1883.873,1,263639
1885.684,1,263608
1887.495,1,263791
1889.305,1,263668
1891.115,1,263692
1892.925,1,263621
1894.734,1,263888
1896.543,1,262977
1898.351,1,263077
1900.159,1,263710
1901.966,1,263430
1903.774,1,263688
1905.580,1,263719
1907.387,1,263988
1909.192,1,264456
1910.998,1,264586
1912.803,1,263998
1914.608,1,264904
1916.412,1,264665
1918.216,1,264070
1920.019,1,263760
1921.822,1,263754
1923.625,1,263524
1925.427,1,263767
1927.228,1,264226
1929.030,1,264703
1930.831,1,263780
1932.631,1,264634
1934.431,1,264724
1936.231,1,264674
1938.030,1,264805
1939.829,1,264238
1941.628,1,264910
1943.426,1,264459
1945.223,1,264555
1947.021,1,264786
1948.817,1,264338
1950.614,1,265166
1952.410,1,265471
1954.205,1,265183
1956.001,1,265770
1957.795,1,265365
1959.590,1,265266
1961.384,1,265392
1963.177,1,266149
1964.970,1,265593
1966.763,1,266485
1968.555,1,265803
1970.347,1,266108
1972.139,1,266509
1973.930,1,267178
1975.721,1,267304
1977.511,1,266577
1979.301,1,266890
1981.090,1,267182
1982.879,1,266831
1984.668,1,267098
1986.456,1,267685
1988.244,1,267126
1990.032,1,267606
1991.819,1,267686
1993.605,1,267953
1995.391,1,267583
1997.177,1,267551
1998.963,1,268023
2000.748,1,268290
2002.532,1,268512
2004.316,1,267687
2006.100,1,268315
2007.884,1,268355
2009.667,1,268764
2011.449,1,268876
2013.231,1,268716
2015.013,1,268044
2016.794,1,268645
2018.575,1,268098
2020.356,1,267888
2022.136,1,267834
2023.916,1,268763
2025.695,1,268253
2027.474,1,268070
2029.253,1,268259
2031.031,1,267788
2032.808,1,267757
2034.586,1,267625
2036.363,1,267778
2038.139,1,268049
2039.915,1,267999
2041.691,1,267774
2043.466,1,267462
2045.241,1,267805
2047.016,1,267916
2048.790,1,267727
2050.564,1,267828
2052.337,1,267674
2054.110,1,267386
2055.882,1,267918
2057.654,1,266798
2059.426,1,266704
2061.197,1,267225
2062.968,1,266837
2064.739,1,266636
2066.509,1,266114
2068.278,1,267002
2070.048,1,266095
2071.817,1,266626
2073.585,1,266555
2075.353,1,265751
2077.121,1,266012
2078.888,1,265824
2080.655,1,266383
2082.421,1,265114
2084.188,1,265724
2085.953,1,266054
2087.719,1,265589
2089.483,1,265337
2091.248,1,265869
2093.012,1,265086
2094.776,1,265733
2096.539,1,266140
2098.302,1,265642
2100.064,1,265823
2101.826,1,265635
2103.588,1,264891
2105.349,1,264922
2107.110,1,265370
2108.871,1,264837
2110.631,1,265042
2112.391,1,265195
2114.150,1,264684
2115.909,1,264264
2117.667,1,264196
2119.426,1,264120
2121.183,1,264572
2122.941,1,263936
2124.698,1,264436
2126.454,1,263617
2128.210,1,264343
2129.966,1,263412
2131.721,1,263533
2133.476,1,263914
2135.231,1,263627
2136.985,1,263842
2138.739,1,263400
2140.492,1,263210
2142.245,1,263151
2143.998,1,263560
2145.750,1,262811
2147.502,1,263212
2149.253,1,263073
2151.004,1,262315
2152.755,1,262621
2154.505,1,262372
2156.255,1,261923
2158.004,1,262282
2159.753,1,262682
2161.502,1,261930
2163.250,1,262195
2164.998,1,262090
2166.745,1,262337
2168.493,1,261884
2170.239,1,261855
2171.986,1,262536
2173.731,1,261970
2175.477,1,262154
2177.222,1,262320
2178.967,1,261806
2180.711,1,262521
2182.455,1,262267
2184.199,1,262911
2185.942,1,262115
2187.684,1,262756
2189.427,1,262769
2191.169,1,262755
2192.910,1,262742
2194.652,1,262898
2196.392,1,263280
2198.133,1,262703
2199.873,1,262449
2201.612,1,262847
2203.352,1,263225
2205.091,1,263023
2206.829,1,263043
2208.567,1,263118
2210.305,1,263112
2212.042,1,262559
2213.779,1,263516
2215.515,1,136732
2217.252,1,261411
2218.987,1,263074
2220.723,1,262540
2222.458,1,262109
2224.192,1,261683
2225.926,1,262148
2227.660,1,261817
2229.394,1,262436
2231.127,1,262152
2232.859,1,261581
2234.591,1,261352
2236.323,1,261623
2238.055,1,261100
2239.786,1,261216
2241.516,1,260677
2243.247,1,260892
2244.977,1,260625
2246.706,1,260894
2248.435,1,259966
2250.164,1,261407
2251.892,1,259825
2253.620,1,259664
2255.348,1,260203
2257.075,1,259853
2258.802,1,259075
2260.528,1,259653
2262.255,1,258696
2263.980,1,258923
2265.705,1,258605
2267.430,1,258414
2269.155,1,259055
2270.879,1,258527
2272.603,1,258137
2274.326,1,258185
2276.049,1,258617
2277.772,1,258404
2279.494,1,258023
2281.216,1,257620
2282.937,1,258204
2284.658,1,257750
2286.379,1,257713
2288.099,1,257064
2289.819,1,257337
2291.538,1,256988
2293.258,1,257084
2294.976,1,257943
2296.695,1,256813
2298.413,1,256362
2300.130,1,256228
2301.847,1,256968
2303.564,1,256758
2305.281,1,255819
2306.997,1,255976
2308.712,1,256038
2310.428,1,256400
2312.143,1,255589
2313.857,1,255284
2315.571,1,255272
2317.285,1,255350
2318.998,1,254995
2320.711,1,255173
2322.424,1,254213
2324.136,1,255021
2325.848,1,254233
2327.560,1,254262
2329.271,1,254455
2330.981,1,254487
2332.692,1,253605
2334.402,1,253643
2336.111,1,253966
2337.820,1,253851
2339.529,1,253364
2341.238,1,253066
2342.946,1,253366
2344.653,1,252800
2346.361,1,252949
2348.068,1,252201
2349.774,1,252216
2351.480,1,251973
2353.186,1,252431
2354.892,1,252090
2356.597,1,251285
2358.301,1,251654
2360.005,1,250974
2361.709,1,251281
2363.413,1,250994
2365.116,1,250717
2366.819,1,250840
2368.521,1,250389
2370.223,1,250644
2371.925,1,249484
2373.626,1,250220
2375.327,1,250002
2377.027,1,250076
2378.727,1,249074
2380.427,1,249050
2382.126,1,249488
2383.825,1,249042
2385.524,1,249228
2387.222,1,249335
2388.920,1,248221
2390.618,1,248600
2392.315,1,247917
2394.011,1,247545
2395.708,1,247250
2397.404,1,246972
2399.099,1,247575
2400.794,1,246978
2402.489,1,246726
2404.184,1,245560
2405.878,1,245481
2407.571,1,245114
2409.265,1,245144
2410.958,1,244923
2412.650,1,244289
2414.343,1,244694
2416.034,1,243900
2417.726,1,243642
2419.417,1,243397
2421.108,1,242647
2422.798,1,242512
2424.488,1,242264
2426.178,1,242087
2427.867,1,241968
2429.556,1,241540
2431.244,1,241213
2432.932,1,240548
2434.620,1,240801
2436.307,1,240866
2437.994,1,240047
2439.681,1,239671
2441.367,1,239165
2443.053,1,238716
2444.738,1,238622
2446.424,1,238881
2448.108,1,238483
2449.793,1,238551
2451.477,1,237804
2453.160,1,237688
2454.844,1,237390
2456.526,1,236838
2458.209,1,236645
2459.891,1,236172
2461.573,1,236585
2463.254,1,235739
2464.935,1,235303
2466.616,1,234742
2468.296,1,235096
2469.976,1,234337
2471.656,1,234369
2473.335,1,234771
2475.014,1,234012
2476.692,1,233531
2478.370,1,233430
2480.048,1,233258
2481.725,1,233211
2483.402,1,232285
2485.079,1,233105
2486.755,1,232828
2488.431,1,232694
2490.106,1,232814
2491.781,1,232436
2493.456,1,232746
2495.130,1,232562
2496.804,1,232191
2498.478,1,232301
2500.151,1,232265
2501.824,1,231818
2503.497,1,232222
2505.169,1,231698
2506.841,1,231302
2508.512,1,231436
2510.183,1,231310
2511.854,1,230919
2513.524,1,231281
2515.194,1,231399
2516.864,1,231490
2518.533,1,231743
2520.202,1,231134
2521.870,1,231348
2523.538,1,231689
2525.206,1,231267
2526.874,1,231164
2528.541,1,230964
2530.207,1,231280
2531.873,1,231010
2533.539,1,231115
2535.205,1,230847
2536.870,1,230831
2538.535,1,230887
2540.199,1,230545
2541.864,1,231096
2543.527,1,230682
2545.191,1,230781
2546.854,1,230534
2548.516,1,230632
2550.179,1,230341
2551.840,1,230351
2553.502,1,230129
2555.163,1,230332
2556.824,1,230740
2558.484,1,230024
2560.144,1,230577
2561.804,1,230535
2563.464,1,230065
2565.123,1,229626
2566.781,1,230280
2568.439,1,230871
2570.097,1,230053
2571.755,1,230079
2573.412,1,230278
2575.069,1,230319
2576.725,1,230544
2578.381,1,230806
2580.037,1,230294
2581.692,1,230209
2583.347,1,230595
2585.002,1,230240
2586.656,1,228936
2588.310,1,228788
2589.964,1,228358
2591.617,1,226918
2593.270,1,226395
2594.922,1,226177
2596.574,1,224199
2598.226,1,223800
2599.877,1,224216
2601.528,1,223043
2603.179,1,222391
2604.829,1,221967
2606.479,1,221553
2608.129,1,221371
2609.778,1,220756
2611.427,1,219461
2613.076,1,220034
2614.724,1,219532
2616.371,1,218975
2618.019,1,219265
2619.666,1,219328
2621.313,1,218780
2622.959,1,218933
2624.605,1,218431
2626.250,1,218614
2627.896,1,218800
2629.541,1,218646
2631.185,1,218387
2632.829,1,218724
2634.473,1,218935
2636.117,1,219460
2637.760,1,219481
2639.402,1,219855
2641.045,1,219766
2642.687,1,220151
2644.329,1,220869
2645.970,1,220747
2647.611,1,221710
2649.251,1,221444
2650.892,1,222588
2652.532,1,223053
2654.171,1,223826
2655.810,1,224261
2657.449,1,224866
2659.087,1,225726
2660.726,1,226216
2662.363,1,227105
2664.001,1,227354
2665.638,1,228319
2667.274,1,229261
2668.911,1,229890
2670.547,1,230383
2672.182,1,231053
2673.817,1,231933
2675.452,1,232798
2677.087,1,233484
2678.721,1,234258
2680.355,1,234567
2681.988,1,234996
2683.621,1,235868
2685.254,1,235987
2686.887,1,236729
2688.519,1,237081
2690.150,1,237346
2691.782,1,237972
2693.413,1,238544
2695.043,1,239224
2696.674,1,239212
2698.304,1,239571
2699.933,1,240072
2701.562,1,240455
2703.191,1,240177
2704.820,1,240995
2706.448,1,240839
2708.076,1,240715
2709.703,1,240702
2711.330,1,240474
2712.957,1,241352
2714.583,1,241457
2716.209,1,241497
2717.835,1,241690
2719.460,1,242137
2721.085,1,242160
2722.710,1,241778
2724.334,1,242465
2725.958,1,242724
2727.582,1,242724
2729.205,1,242585
2730.828,1,242286
2732.450,1,242469
2734.072,1,241891
2735.694,1,241991
2737.316,1,241909
2738.937,1,242344
2740.557,1,242293
2742.178,1,241899
2743.798,1,241653
2745.418,1,242424
2747.037,1,242423
2748.656,1,241874
2750.274,1,241033
2751.893,1,241436
2753.511,1,242160
2755.128,1,241922
2756.746,1,241805
2758.362,1,241834
2759.979,1,241266
2761.595,1,241061
2763.211,1,240948
2764.826,1,240576
2766.442,1,240922
2768.056,1,241064
2769.671,1,240415
2771.285,1,240976
2772.899,1,240257
2774.512,1,240705
2776.125,1,240657
2777.738,1,240370
2779.350,1,240048
2780.962,1,240576
2782.574,1,240182
2784.185,1,240080
2785.796,1,240532
2787.407,1,240220
2789.017,1,239807
2790.627,1,239784
2792.236,1,239939
2793.846,1,239317
2795.455,1,239162
2797.063,1,239473
2798.671,1,239243
2800.279,1,239370
2801.887,1,239030
2803.494,1,238991
2805.100,1,239511
2806.707,1,239405
2808.313,1,239322
2809.919,1,238980
2811.524,1,239515
2813.129,1,239788
2814.734,1,239320
2816.338,1,240359
2817.942,1,239700
2819.546,1,240620
2821.149,1,241046
2822.752,1,241293
2824.355,1,240841
2825.957,1,241319
2827.559,1,242032
2829.161,1,242375
2830.762,1,242744
2832.363,1,243211
2833.963,1,242774
2835.564,1,243098
2837.164,1,244676
2838.763,1,244304
2840.362,1,244951
2841.961,1,245194
2843.560,1,245508
2845.158,1,246938
2846.756,1,246797
2848.353,1,247744
2849.950,1,248522
2851.547,1,249544
2853.143,1,250794
2854.739,1,252102
2856.335,1,253554
2857.931,1,254782
2859.526,1,256588
2861.120,1,258658
2862.715,1,260614
2864.309,1,263475
2865.903,1,266538
2867.496,1,269133
2869.089,1,272222
2870.682,1,274467
2872.274,1,276736
2873.866,1,278319
2875.457,1,278934
2877.049,1,279415
2878.640,1,279168
2880.230,1,279559
2881.821,1,279030
2883.411,1,279485
2885.000,1,279868
2886.589,1,280623
2888.178,1,280536
2889.767,1,280684
2891.355,1,282240
2892.943,1,283313
2894.531,1,284228
2896.118,1,286006
2897.705,1,287312
2899.291,1,288386
2900.877,1,290460
2902.463,1,293400
2904.049,1,294827
2905.634,1,296523
2907.219,1,298943
2908.803,1,300250
2910.387,1,303834
2911.971,1,306709
2913.555,1,309493
2915.138,1,312919
2916.720,1,316293
2918.303,1,319836
2919.885,1,323502
2921.467,1,326734
2923.048,1,330279
2924.629,1,333499
2926.210,1,335589
2927.790,1,337589
2929.371,1,340225
2930.950,1,341552
2932.530,1,342751
2934.109,1,344177
2935.687,1,345036
2937.266,1,344945
2938.844,1,345540
2940.422,1,345122
2941.999,1,345063
2943.576,1,342939
2945.153,1,342325
2946.729,1,339591
2948.305,1,337807
2949.881,1,334826
2951.456,1,332869
2953.031,1,330626
2954.606,1,328859
2956.180,1,327056
2957.754,1,324850
2959.328,1,324445
2960.901,1,324185
2962.474,1,322652
2964.047,1,320663
2965.619,1,321342
2967.191,1,319428
2968.763,1,319441
2970.334,1,317833
2971.905,1,317121
2973.476,1,317225
2975.046,1,315810
2976.616,1,315542
2978.186,1,315222
2979.755,1,314923
2981.324,1,314644
2982.893,1,313802
2984.461,1,313922
2986.029,1,313066
2987.597,1,313237
2989.164,1,312803
2990.731,1,313095
2992.298,1,312014
2993.864,1,310987
2995.430,1,311231
2996.995,1,310297
2998.561,1,309810
3000.126,1,309691
3001.690,1,309657
3003.255,1,309340
3004.819,1,309672
3006.382,1,309079
3007.946,1,310022
3009.509,1,309650
3011.071,1,310151
3012.634,1,309483
3014.195,1,309829
3015.757,1,310745
3017.318,1,311283
3018.879,1,311951
3020.440,1,312879
3022.000,1,313696
3023.560,1,314064
3025.120,1,315274
3026.679,1,316754
3028.238,1,317625
3029.797,1,319367
3031.355,1,320976
3032.913,1,321881
3034.471,1,323013
3036.028,1,324893
3037.585,1,326211
3039.142,1,327252
3040.698,1,329775
3042.254,1,331616
3043.810,1,333148
3045.365,1,334495
3046.920,1,336552
3048.475,1,337576
3050.029,1,339745
3051.583,1,342100
3053.137,1,344557
3054.690,1,346153
3056.243,1,348816
3057.796,1,350324
3059.349,1,353485
3060.901,1,354765
3062.452,1,357514
3064.004,1,358538
3065.555,1,360830
3067.106,1,362291
3068.656,1,363695
3070.206,1,364930
3071.756,1,366753
3073.305,1,368066
3074.854,1,369801
3076.403,1,371231
3077.951,1,371918
3079.500,1,374888
3081.047,1,376719
3082.595,1,378569
3084.142,1,381779
3085.689,1,383154
3087.235,1,384982
3088.781,1,387287
3090.327,1,390628
3091.873,1,392668
3093.418,1,395186
3094.963,1,398010
3096.507,1,401134
3098.051,1,403455
3099.595,1,407011
3101.139,1,409991
3102.682,1,413724
3104.225,1,416607
3105.767,1,420034
3107.310,1,423242
3108.851,1,426632
3110.393,1,429729
3111.934,1,432399
3113.475,1,436943
3115.016,1,440645
3116.556,1,444933
3118.096,1,448238
3119.636,1,452090
3121.175,1,455826
3122.714,1,458801
3124.252,1,463185
3125.791,1,467503
3127.329,1,470858
3128.866,1,474228
3130.404,1,478562
3131.941,1,483154
3133.477,1,487020
3135.014,1,491179
3136.550,1,495559
3138.086,1,500187
3139.621,1,502643
3141.156,1,506924
3142.691,1,511102
3144.225,1,515371
3145.759,1,520422
3147.293,1,524299
3148.827,1,528292
3150.360,1,533618
3151.892,1,537716
3153.425,1,542219
3154.957,1,545289
3156.489,1,550229
3158.020,1,554342
3159.552,1,558187
3161.082,1,563825
3162.613,1,566448
3164.143,1,571004
3165.673,1,574707
3167.203,1,578065
3168.732,1,582273
3170.261,1,586439
3171.790,1,589291
3173.318,1,593562
3174.846,1,597595
3176.373,1,600821
3177.901,1,604761
3179.428,1,607751
3180.954,1,610999
3182.481,1,615155
3184.007,1,618065
3185.533,1,621054
3187.058,1,624708
3188.583,1,628852
3190.108,1,631639
3191.632,1,634633
3193.156,1,638431
3194.680,1,639945
3196.204,1,642986
3197.727,1,646000
3199.250,1,648961
3200.772,1,651825
3202.294,1,654414
3203.816,1,658636
3205.338,1,660363
3206.859,1,662443
3208.380,1,665503
3209.900,1,667709
3211.421,1,669453
3212.941,1,670588
3214.460,1,672958
3215.980,1,673001
3217.499,1,675624
3219.017,1,676782
3220.536,1,676502
3222.054,1,680368
3223.571,1,681530
3225.089,1,681226
3226.606,1,683416
3228.123,1,684094
3229.639,1,683889
3231.155,1,686956
3232.671,1,688335
3234.187,1,690281
3235.702,1,690059
3237.217,1,690573
3238.731,1,690271
3240.245,1,689997
3241.759,1,693019
3243.273,1,691575
3244.786,1,693448
3246.299,1,693169
3247.812,1,694069
3249.324,1,692177
3250.836,1,693334
3252.348,1,692812
3253.859,1,693395
3255.370,1,692514
3256.881,1,693849
3258.392,1,692979
3259.902,1,692494
3261.411,1,692013
3262.921,1,692592
3264.430,1,692619
3265.939,1,692056
3267.447,1,692783
3268.956,1,691881
3270.464,1,692991
3271.971,1,691383
3273.478,1,693197
3274.985,1,692493
3276.492,1,693757
3277.998,1,693667
3279.504,1,693000
3281.010,1,692373
3282.515,1,693108
3284.021,1,692821
3285.525,1,692713
3287.030,1,693962
3288.534,1,692734
3290.038,1,692664
3291.541,1,691981
3293.044,1,692906
3294.547,1,692677
3296.050,1,692725
3297.552,1,691631
3299.054,1,692938
3300.556,1,691457
3302.057,1,691694
3303.558,1,690903
3305.059,1,692385
3306.559,1,692896
3308.059,1,693032
3309.559,1,692811
3311.058,1,693667
3312.557,1,693914
3314.056,1,695150
3315.554,1,693538
3317.053,1,694411
3318.551,1,692564
3320.048,1,695211
3321.545,1,696107
3323.042,1,696402
3324.539,1,696136
3326.035,1,697021
3327.531,1,696639
3329.027,1,696408
3330.522,1,695646
3332.017,1,697202
3333.512,1,697505
3335.006,1,696795
3336.501,1,697541
3337.994,1,698396
3339.488,1,697315
3340.981,1,698159
3342.474,1,699373
3343.966,1,697092
3345.459,1,698789
3346.951,1,699301
3348.442,1,700167
3349.934,1,699589
3351.425,1,700959
3352.915,1,701428
3354.406,1,702856
3355.896,1,703763
3357.386,1,703541
3358.875,1,703552
3360.364,1,705076
3361.853,1,706778
3363.342,1,706168
3364.830,1,706930
3366.318,1,708173
3367.805,1,708639
3369.293,1,709540
3370.780,1,709566
3372.266,1,708224
3373.753,1,710156
3375.239,1,711482
3376.725,1,710588
3378.210,1,710648
3379.695,1,709591
3381.180,1,710568
3382.665,1,709665
3384.149,1,709772
3385.633,1,710807
3387.116,1,709815
3388.600,1,710261
3390.083,1,710426
3391.565,1,709003
3393.048,1,708496
3394.530,1,708871
3396.011,1,708795
3397.493,1,707247
3398.974,1,707543
3400.455,1,707410
3401.935,1,705287
3403.416,1,705360
3404.895,1,703954
3406.375,1,704707
3407.854,1,701782
3409.333,1,699561
3410.812,1,700038
3412.290,1,701310
3413.769,1,699357
3415.246,1,698220
3416.724,1,697890
3418.201,1,696827
3419.678,1,695915
3421.154,1,694384
3422.631,1,692757
3424.106,1,690441
3425.582,1,689422
3427.057,1,687765
3428.532,1,685386
3430.007,1,684279
3431.482,1,681075
3432.956,1,679987
3434.429,1,678139
3435.903,1,676776
3437.376,1,674347
3438.849,1,672640
3440.322,1,670696
3441.794,1,668767
3443.266,1,666693
3444.738,1,664804
3446.209,1,662447
3447.680,1,660506
3449.151,1,657339
3450.621,1,655219
3452.091,1,653185
3453.561,1,649949
3455.031,1,647194
