184.081,1,397820
186.293,1,391266
188.506,1,387135
190.717,1,384243
192.928,1,380260
195.138,1,375718
197.348,1,370895
199.557,1,367838
201.766,1,362708
203.974,1,358798
206.182,1,353599
208.389,1,349046
210.595,1,346138
212.801,1,341262
215.007,1,337345
217.211,1,334035
219.416,1,329333
221.619,1,325928
223.823,1,321643
226.025,1,317866
228.227,1,314473
230.429,1,310461
232.630,1,306134
234.830,1,303481
237.030,1,299848
239.229,1,297368
241.428,1,293849
243.626,1,290911
245.824,1,288357
248.021,1,285317
250.217,1,281627
252.413,1,279369
254.609,1,276791
256.804,1,274030
258.998,1,271690
261.192,1,269503
263.385,1,266098
265.578,1,264820
267.770,1,261760
269.961,1,259949
272.152,1,256870
274.343,1,254990
276.533,1,252392
278.722,1,250516
280.911,1,247113
283.099,1,244754
285.287,1,242924
287.474,1,239664
289.661,1,236965
291.847,1,235105
294.032,1,233539
296.217,1,230724
298.402,1,228790
300.586,1,227523
302.769,1,225839
304.952,1,224075
307.134,1,222199
309.316,1,220057
311.497,1,219200
313.677,1,217354
315.857,1,216875
318.037,1,215587
320.216,1,214377
322.394,1,214100
324.572,1,213012
326.750,1,212544
328.926,1,212238
331.103,1,211714
333.278,1,211479
335.454,1,211482
337.628,1,210860
339.802,1,209749
341.976,1,210050
344.149,1,209189
346.321,1,208369
348.493,1,209407
350.665,1,209427
352.835,1,208530
355.006,1,207960
357.175,1,207938
359.345,1,208197
361.513,1,207977
363.681,1,207684
365.849,1,208190
368.016,1,207745
370.182,1,207542
372.348,1,207652
374.514,1,207612
376.679,1,207473
378.843,1,207636
381.007,1,207680
383.170,1,208058
385.333,1,207494
387.495,1,208924
389.657,1,208095
391.818,1,208745
393.978,1,208918
396.138,1,209433
398.298,1,209540
400.457,1,210073
402.615,1,210431
404.773,1,210914
406.930,1,211638
409.087,1,211793
411.244,1,212445
413.399,1,212865
415.554,1,212735
417.709,1,213552
419.863,1,213597
422.017,1,213565
424.170,1,214384
426.322,1,214976
428.474,1,214683
430.626,1,214963
432.777,1,215226
434.927,1,215691
437.077,1,215845
439.226,1,215140
441.375,1,215891
443.523,1,215889
445.671,1,215769
447.818,1,215885
449.965,1,216260
452.111,1,216101
454.257,1,215731
456.402,1,215698
458.546,1,215742
460.690,1,216089
462.834,1,216051
464.976,1,215422
467.119,1,215682
469.261,1,215218
471.402,1,215143
473.543,1,214635
475.683,1,214981
477.823,1,215111
479.962,1,214719
482.101,1,214811
484.239,1,214908
486.376,1,214417
488.513,1,214279
490.650,1,214327
492.786,1,214351
494.922,1,215320
497.057,1,214895
499.191,1,215121
501.325,1,215165
503.458,1,215978
505.591,1,216403
507.723,1,217240
509.855,1,217675
511.987,1,217671
514.117,1,218638
516.247,1,218698
518.377,1,219192
520.506,1,219412
522.635,1,220227
524.763,1,220696
526.891,1,220794
529.018,1,222061
531.144,1,220860
533.270,1,221045
535.396,1,221298
537.521,1,220857
539.645,1,221213
541.769,1,220966
543.892,1,221238
546.015,1,221488
548.138,1,221173
550.259,1,221351
552.381,1,221830
554.502,1,221888
556.622,1,221937
558.741,1,221741
560.861,1,221196
562.979,1,221098
565.097,1,221916
567.215,1,222008
569.332,1,222309
571.449,1,222067
573.565,1,222413
575.680,1,222097
577.795,1,221744
579.910,1,222233
582.024,1,221672
584.137,1,221577
586.250,1,221777
588.363,1,222060
590.475,1,221371
592.586,1,221774
594.697,1,221089
596.807,1,221391
598.917,1,220689
601.026,1,220585
603.135,1,220587
605.243,1,220714
607.351,1,220604
609.458,1,220742
611.565,1,220968
613.671,1,220878
615.777,1,220509
617.882,1,220769
619.987,1,220388
622.091,1,220709
624.194,1,221450
626.297,1,221605
628.400,1,222647
630.502,1,223137
632.604,1,221731
634.705,1,221596
636.805,1,221481
638.905,1,221709
641.005,1,221517
643.104,1,222290
645.202,1,223178
647.300,1,223546
649.397,1,223784
651.494,1,224198
653.591,1,224565
655.686,1,224553
657.782,1,224402
659.877,1,224940
661.971,1,225612
664.065,1,225743
666.158,1,226996
668.251,1,226574
670.343,1,227508
672.435,1,228226
674.526,1,228884
676.617,1,228609
678.707,1,229160
680.797,1,228873
682.886,1,229331
684.975,1,229788
687.063,1,230321
689.151,1,230575
691.238,1,230753
693.324,1,230303
695.410,1,230798
697.496,1,231101
699.581,1,230674
701.666,1,232062
703.750,1,232187
705.833,1,231860
707.917,1,232141
709.999,1,232141
712.081,1,231813
714.163,1,232607
716.244,1,232723
718.324,1,232775
720.404,1,232560
722.484,1,232334
724.563,1,232414
726.641,1,233115
728.719,1,232792
730.797,1,233276
732.874,1,232640
734.950,1,232893
737.026,1,232779
739.102,1,232842
741.177,1,232634
743.251,1,232494
745.325,1,233083
747.398,1,232699
749.471,1,233608
751.544,1,233370
753.616,1,233410
755.687,1,233453
757.758,1,233093
759.828,1,233404
761.898,1,233565
763.968,1,233337
766.036,1,233491
768.105,1,233196
770.173,1,233278
772.240,1,232774
774.307,1,233461
776.373,1,232785
778.439,1,232713
780.504,1,232835
782.569,1,233510
784.634,1,233835
786.697,1,234707
788.761,1,234605
790.824,1,234939
792.886,1,235902
794.948,1,235014
797.009,1,235105
799.070,1,235508
801.130,1,234892
803.190,1,235337
805.249,1,234657
807.308,1,235423
809.367,1,236030
811.424,1,235836
813.482,1,236465
815.539,1,236606
817.595,1,236764
819.651,1,237510
821.706,1,237383
823.761,1,238486
825.815,1,238967
827.869,1,239608
829.922,1,239827
831.975,1,240450
834.028,1,240262
836.079,1,241038
838.131,1,240509
840.182,1,240394
842.232,1,239998
844.282,1,240370
846.331,1,240191
848.380,1,240627
850.428,1,241670
852.476,1,242949
854.524,1,244113
856.570,1,245081
858.617,1,245240
860.663,1,244936
862.708,1,243346
864.753,1,244636
866.797,1,243432
868.841,1,244557
870.885,1,244402
872.928,1,245022
874.970,1,245137
877.012,1,246634
879.053,1,247318
881.094,1,248024
883.135,1,248477
885.175,1,248474
887.214,1,247515
889.253,1,246783
891.291,1,246353
893.329,1,245305
895.367,1,244778
897.404,1,244636
899.440,1,244228
901.476,1,243955
903.512,1,244458
905.547,1,244592
907.581,1,244066
909.615,1,243631
911.649,1,243688
913.682,1,244173
915.714,1,243553
917.746,1,243802
919.778,1,243642
921.809,1,243903
923.840,1,244387
925.870,1,244839
927.899,1,245283
929.928,1,246054
931.957,1,247382
933.985,1,248489
936.013,1,248599
938.040,1,249592
940.067,1,250465
942.093,1,251051
944.119,1,251890
946.144,1,252459
948.168,1,253472
950.193,1,252304
952.216,1,252614
954.240,1,252287
956.262,1,251897
958.285,1,251927
960.306,1,252534
962.328,1,252543
964.349,1,253028
966.369,1,254166
968.389,1,254104
970.408,1,253221
972.427,1,253729
974.445,1,253914
976.463,1,254265
978.481,1,254787
980.498,1,254938
982.514,1,256732
984.530,1,257818
986.545,1,259957
988.560,1,262807
990.575,1,265887
992.589,1,269024
994.602,1,272053
996.615,1,271990
998.628,1,271036
1000.640,1,268430
1002.652,1,265663
1004.663,1,263582
1006.673,1,266476
1008.684,1,271285
1010.693,1,268899
1012.702,1,261751
1014.711,1,256715
1016.719,1,254868
1018.727,1,253322
1020.734,1,252932
1022.741,1,252900
1024.747,1,253126
1026.753,1,253257
1028.758,1,252886
1030.763,1,253384
1032.768,1,254505
1034.772,1,255892
1036.775,1,257362
1038.778,1,257570
1040.780,1,256424
1042.782,1,256058
1044.784,1,256770
1046.785,1,256466
1048.785,1,256710
1050.785,1,257240
1052.785,1,258254
1054.784,1,258611
1056.782,1,259422
1058.781,1,260035
1060.778,1,260171
1062.775,1,261325
1064.772,1,261962
1066.768,1,262227
1068.764,1,263006
1070.759,1,264452
1072.754,1,264936
1074.748,1,266297
1076.742,1,267326
1078.735,1,268799
1080.728,1,269841
1082.721,1,270365
1084.713,1,271619
1086.704,1,270695
1088.695,1,270389
1090.686,1,269076
1092.676,1,268141
1094.665,1,268134
1096.654,1,267697
1098.643,1,267033
1100.631,1,267761
1102.618,1,266519
1104.606,1,266647
1106.592,1,267504
1108.578,1,267535
1110.564,1,266785
1112.549,1,267311
1114.534,1,267377
1116.519,1,267151
1118.502,1,266661
1120.486,1,266804
1122.469,1,266842
1124.451,1,267302
1126.433,1,267765
1128.414,1,267973
1130.395,1,268488
1132.376,1,268060
1134.356,1,268330
1136.336,1,268247
1138.315,1,267716
1140.293,1,266417
1142.271,1,265439
1144.249,1,265310
1146.226,1,264804
1148.203,1,264690
1150.179,1,265323
1152.155,1,266065
1154.131,1,266280
1156.105,1,267048
1158.080,1,267577
1160.054,1,268371
1162.027,1,269166
1164.000,1,269845
1165.973,1,269349
1167.945,1,267792
1169.916,1,267698
1171.887,1,268288
1173.858,1,268211
1175.828,1,268021
1177.798,1,268380
1179.767,1,269315
1181.736,1,269422
1183.704,1,269265
1185.672,1,268564
1187.639,1,268157
1189.606,1,268563
1191.573,1,268029
1193.539,1,268552
1195.504,1,268030
1197.469,1,268704
1199.434,1,268289
1201.398,1,268675
1203.361,1,268505
1205.325,1,270210
1207.287,1,271710
1209.249,1,271062
1211.211,1,272567
1213.173,1,273706
1215.133,1,273229
1217.094,1,273226
1219.054,1,272884
1221.013,1,271563
1222.972,1,271157
1224.931,1,271040
1226.889,1,270581
1228.846,1,271270
1230.803,1,271286
1232.760,1,271449
1234.716,1,271468
1236.672,1,271936
1238.627,1,272710
1240.582,1,272698
1242.536,1,273073
1244.490,1,274486
1246.443,1,274040
1248.396,1,275499
1250.349,1,273870
1252.301,1,275395
1254.252,1,275472
1256.203,1,275710
1258.154,1,276358
1260.104,1,276172
1262.054,1,276428
1264.003,1,276722
1265.952,1,276683
1267.900,1,277527
1269.848,1,277286
1271.796,1,278240
1273.742,1,278397
1275.689,1,278061
1277.635,1,278608
1279.581,1,279179
1281.526,1,279792
1283.470,1,279507
1285.414,1,280141
1287.358,1,280550
1289.301,1,281099
1291.244,1,280965
1293.187,1,281186
1295.128,1,281275
1297.070,1,281854
1299.011,1,282455
1300.951,1,282495
1302.891,1,283096
1304.831,1,283918
1306.770,1,284511
1308.709,1,285012
1310.647,1,285818
1312.585,1,286272
1314.522,1,286771
1316.459,1,287746
1318.395,1,287475
1320.331,1,288252
1322.267,1,288969
1324.202,1,288860
1326.136,1,289713
1328.070,1,289513
1330.004,1,289926
1331.937,1,290298
1333.870,1,289904
1335.802,1,290332
1337.734,1,290762
1339.665,1,291293
1341.596,1,291411
1343.527,1,292410
1345.457,1,293043
1347.386,1,147497
1349.315,1,290868
1351.244,1,291104
1353.172,1,290048
1355.100,1,289179
1357.027,1,288074
1358.954,1,287938
1360.880,1,286903
1362.806,1,286561
1364.732,1,286232
1366.657,1,285418
1368.581,1,285994
1370.506,1,284942
1372.429,1,284867
1374.352,1,284911
1376.275,1,284807
1378.197,1,284275
1380.119,1,284704
1382.041,1,284630
1383.962,1,284058
1385.882,1,284932
1387.802,1,284537
1389.722,1,285499
1391.641,1,285077
1393.560,1,285606
1395.478,1,286299
1397.396,1,286413
1399.313,1,287435
1401.230,1,287112
1403.146,1,288462
1405.062,1,288007
1406.978,1,289441
1408.893,1,288858
1410.808,1,289882
1412.722,1,289173
1414.636,1,290294
1416.549,1,290032
1418.462,1,290266
1420.374,1,290296
1422.286,1,290922
1424.198,1,291404
1426.109,1,291901
1428.019,1,291641
1429.929,1,292267
1431.839,1,291325
1433.748,1,291457
1435.657,1,291792
1437.566,1,292937
1439.474,1,294162
1441.381,1,295420
1443.288,1,295571
1445.195,1,297225
1447.101,1,298025
1449.006,1,299614
1450.912,1,300216
1452.816,1,301424
1454.721,1,301499
1456.625,1,302062
1458.528,1,301339
1460.431,1,300684
1462.334,1,299519
1464.236,1,299422
1466.138,1,299442
1468.039,1,298579
1469.940,1,298196
1471.840,1,296824
1473.740,1,296159
1475.639,1,294922
1477.538,1,294948
1479.437,1,293806
1481.335,1,293392
1483.233,1,291631
1485.130,1,292099
1487.027,1,291206
1488.923,1,290706
1490.819,1,290249
1492.715,1,290632
1494.610,1,291148
1496.504,1,290373
1498.398,1,289816
1500.292,1,290458
1502.185,1,291114
1504.078,1,290828
1505.971,1,290881
1507.862,1,290316
1509.754,1,290674
1511.645,1,291340
1513.536,1,291756
1515.426,1,291490
1517.316,1,292063
1519.205,1,292424
1521.094,1,292591
1522.982,1,293014
1524.870,1,293345
1526.758,1,293463
1528.645,1,293293
1530.531,1,293271
1532.418,1,292888
1534.303,1,293244
1536.189,1,293703
1538.074,1,292609
1539.958,1,292944
1541.842,1,292595
1543.726,1,293052
1545.609,1,293445
1547.492,1,293477
1549.374,1,293568
1551.256,1,294452
1553.137,1,294040
1555.018,1,293993
1556.898,1,293065
1558.779,1,293217
1560.658,1,293943
1562.537,1,293858
1564.416,1,293658
1566.295,1,293254
1568.172,1,293615
1570.050,1,293676
1571.927,1,294611
1573.804,1,294702
1575.680,1,295159
1577.555,1,295174
1579.431,1,295371
1581.306,1,295411
1583.180,1,295947
1585.054,1,296140
1586.927,1,296923
1588.801,1,297059
1590.673,1,297988
1592.545,1,297500
1594.417,1,298040
1596.289,1,298805
1598.160,1,298097
1600.030,1,299238
1601.900,1,299929
1603.770,1,300741
1605.639,1,301269
1607.508,1,302143
1609.376,1,303602
1611.244,1,304126
1613.111,1,303782
1614.979,1,303354
1616.845,1,304392
1618.711,1,304864
1620.577,1,305697
1622.442,1,305396
1624.307,1,306200
1626.172,1,305753
1628.036,1,305442
1629.899,1,306231
1631.762,1,307580
1633.625,1,307732
1635.487,1,308267
1637.349,1,308670
1639.211,1,308509
1641.072,1,309722
1642.932,1,310388
1644.792,1,310343
1646.652,1,311471
1648.511,1,311600
1650.370,1,312210
1652.229,1,313586
1654.087,1,313146
1655.944,1,313678
1657.801,1,313791
1659.658,1,312999
1661.514,1,312950
1663.370,1,311757
1665.226,1,309866
1667.080,1,308477
1668.935,1,306946
1670.789,1,305923
1672.643,1,303827
1674.496,1,302856
1676.349,1,301809
1678.201,1,301271
1680.053,1,300055
1681.905,1,298383
1683.756,1,298006
1685.607,1,296297
1687.457,1,296287
1689.307,1,294305
1691.156,1,293866
1693.005,1,292229
1694.854,1,291080
1696.702,1,290823
1698.550,1,288370
1700.397,1,288642
1702.244,1,287564
1704.090,1,287322
1705.936,1,286387
1707.782,1,285679
1709.627,1,284705
1711.472,1,283579
1713.316,1,283324
1715.160,1,282477
1717.004,1,282124
1718.847,1,281707
1720.689,1,280901
1722.531,1,280176
1724.373,1,280231
1726.215,1,279711
1728.056,1,278823
1729.896,1,278650
1731.736,1,277778
1733.576,1,277555
1735.415,1,277647
1737.254,1,276060
1739.092,1,276416
1740.930,1,275381
1742.768,1,274714
1744.605,1,274774
1746.442,1,274182
1748.278,1,273208
1750.114,1,272653
1751.949,1,272039
1753.784,1,271916
1755.619,1,271876
1757.453,1,270759
1759.287,1,270361
1761.120,1,269662
1762.953,1,269673
1764.785,1,268174
1766.617,1,268507
1768.449,1,266764
1770.280,1,266657
1772.111,1,266286
1773.941,1,265448
1775.771,1,265065
1777.601,1,265154
1779.430,1,264132
1781.259,1,263304
1783.087,1,263589
1784.915,1,263623
1786.742,1,262326
1788.569,1,262748
1790.396,1,261631
1792.222,1,261685
1794.048,1,261766
1795.873,1,261713
1797.698,1,262027
1799.523,1,262119
1801.347,1,261912
1803.171,1,261418
1804.994,1,261756
1806.817,1,261917
1808.639,1,261708
1810.461,1,262362
1812.283,1,262570
1814.104,1,263570
1815.925,1,264348
1817.745,1,264072
1819.565,1,265032
1821.384,1,265360
1823.203,1,265703
1825.022,1,265921
1826.840,1,266461
1828.658,1,267658
1830.476,1,268773
1832.293,1,269005
1834.109,1,270271
1835.925,1,270522
1837.741,1,272402
1839.557,1,272903
1841.372,1,273177
1843.186,1,275139
1845.000,1,276075
1846.814,1,276607
1848.627,1,277525
1850.440,1,277997
1852.253,1,278827
1854.065,1,280261
1855.876,1,280646
1857.687,1,281341
1859.498,1,281985
1861.309,1,283031
1863.119,1,284250
1864.928,1,284670
1866.737,1,285442
1868.546,1,286570
1870.354,1,286898
1872.162,1,287619
1873.970,1,288275
1875.777,1,288603
1877.584,1,289808
1879.390,1,290094
1881.196,1,291295
1883.001,1,291427
1884.806,1,291251
1886.611,1,291686
1888.415,1,292337
1890.219,1,292239
1892.022,1,292061
1893.825,1,293566
1895.628,1,293800
1897.430,1,293496
1899.232,1,293352
1901.033,1,294164
1902.834,1,294215
1904.634,1,294545
1906.434,1,294474
1908.234,1,294535
1910.033,1,294229
1911.832,1,294829
1913.631,1,294972
1915.429,1,294924
1917.226,1,295587
1919.024,1,294638
1920.821,1,294538
1922.617,1,295272
1924.413,1,294803
1926.209,1,295256
1928.004,1,294747
1929.799,1,295294
1931.593,1,295124
1933.387,1,294678
1935.180,1,294787
1936.974,1,294955
1938.766,1,294888
1940.559,1,294858
1942.351,1,294916
1944.142,1,295668
1945.933,1,294958
1947.724,1,294965
1949.514,1,294600
1951.304,1,295101
1953.094,1,294717
1954.883,1,293784
1956.672,1,294209
1958.460,1,294242
1960.248,1,294557
1962.035,1,294063
1963.822,1,294517
1965.609,1,293859
1967.395,1,294267
1969.181,1,293030
1970.967,1,293459
1972.752,1,294225
1974.536,1,293498
1976.320,1,293187
1978.104,1,294084
1979.888,1,293262
1981.671,1,293623
1983.453,1,293994
1985.236,1,293735
1987.017,1,292968
1988.799,1,292873
1990.580,1,292667
1992.360,1,293291
1994.141,1,293115
1995.920,1,293382
1997.700,1,292715
1999.479,1,292420
2001.257,1,293347
2003.036,1,292249
2004.813,1,292423
2006.591,1,292927
2008.368,1,293416
2010.144,1,292794
2011.920,1,292469
2013.696,1,292857
2015.472,1,292524
2017.247,1,292886
2019.021,1,293555
2020.795,1,293380
2022.569,1,293050
2024.342,1,293069
2026.115,1,293040
2027.888,1,293043
2029.660,1,293300
2031.432,1,293236
2033.203,1,293302
2034.974,1,293757
2036.745,1,293306
2038.515,1,293097
2040.285,1,293100
2042.054,1,292905
2043.823,1,292981
2045.592,1,293488
2047.360,1,293149
2049.128,1,292955
2050.895,1,292802
2052.662,1,293291
2054.429,1,293352
2056.195,1,293419
2057.961,1,293071
2059.726,1,293320
2061.491,1,293428
2063.256,1,293493
2065.020,1,293593
2066.783,1,293142
2068.547,1,293853
2070.310,1,292897
2072.072,1,293509
2073.835,1,292635
2075.597,1,293038
2077.358,1,293574
2079.119,1,292250
2080.880,1,293167
2082.640,1,293176
2084.400,1,293419
2086.159,1,293930
2087.918,1,293646
2089.677,1,293349
2091.435,1,293127
2093.193,1,292723
2094.950,1,293098
2096.707,1,293498
2098.464,1,292107
2100.220,1,293122
2101.976,1,293679
2103.732,1,292909
2105.487,1,293389
2107.241,1,292924
2108.996,1,293259
2110.750,1,292402
2112.503,1,292872
2114.256,1,292887
2116.009,1,292676
2117.761,1,292800
2119.513,1,292380
2121.265,1,292595
2123.016,1,293387
2124.767,1,292785
2126.517,1,292956
2128.267,1,291969
2130.017,1,292390
2131.766,1,292198
2133.515,1,291958
2135.263,1,292235
2137.011,1,291745
2138.759,1,292748
2140.506,1,292155
2142.253,1,291885
2143.999,1,292460
2145.745,1,292550
2147.491,1,291833
2149.236,1,292120
2150.981,1,291208
2152.725,1,292168
2154.470,1,291486
2156.213,1,291358
2157.957,1,291412
2159.699,1,291143
2161.442,1,291506
2163.184,1,292023
2164.926,1,291496
2166.667,1,291296
2168.408,1,290631
2170.149,1,290732
2171.889,1,290922
2173.629,1,289970
2175.368,1,290202
2177.107,1,290271
2178.846,1,290284
2180.584,1,289514
2182.322,1,290050
2184.059,1,289505
2185.797,1,289718
2187.533,1,289195
2189.270,1,289343
2191.005,1,289157
2192.741,1,289252
2194.476,1,289302
2196.211,1,288703
2197.945,1,289631
2199.679,1,288477
2201.413,1,288892
2203.146,1,287968
2204.879,1,288519
2206.611,1,288367
2208.343,1,288905
2210.075,1,287754
2211.806,1,287209
2213.537,1,287160
2215.268,1,287122
2216.998,1,286899
2218.727,1,286891
2220.457,1,286044
2222.186,1,286861
2223.914,1,286252
2225.643,1,285847
2227.370,1,285608
2229.098,1,285379
2230.825,1,285401
2232.551,1,284793
2234.278,1,284695
2236.004,1,284346
2237.729,1,284112
2239.454,1,283640
2241.179,1,284086
2242.903,1,282743
2244.627,1,282923
2246.351,1,283057
2248.074,1,282463
2249.797,1,281943
2251.519,1,281843
2253.241,1,282475
2254.963,1,281787
2256.684,1,281637
2258.405,1,280429
2260.125,1,280367
2261.846,1,280120
2263.565,1,279083
2265.285,1,279073
2267.004,1,279650
2268.722,1,279063
2270.440,1,277977
2272.158,1,277803
2273.876,1,276874
2275.593,1,276422
2277.309,1,276371
2279.026,1,275893
2280.742,1,275445
2282.457,1,275741
2284.172,1,275233
2285.887,1,275034
2287.602,1,274276
2289.316,1,273291
2291.029,1,273629
2292.742,1,273980
2294.455,1,273282
2296.168,1,272490
2297.880,1,272477
2299.592,1,272128
2301.303,1,273150
2303.014,1,271625
2304.725,1,271661
2306.435,1,271368
2308.145,1,271354
2309.854,1,271307
2311.563,1,270758
2313.272,1,270489
2314.980,1,269833
2316.688,1,270318
2318.396,1,269794
2320.103,1,270010
2321.810,1,268577
2323.516,1,269422
2325.222,1,269096
2326.928,1,269362
2328.633,1,268835
2330.338,1,269947
2332.042,1,268693
2333.747,1,268457
2335.450,1,268656
2337.154,1,268542
2338.857,1,269251
2340.559,1,268693
2342.262,1,268758
2343.964,1,268850
2345.665,1,268178
2347.366,1,268271
2349.067,1,268707
2350.767,1,268155
2352.467,1,267939
2354.167,1,268539
2355.866,1,268856
2357.565,1,268815
2359.264,1,268653
2360.962,1,268538
2362.660,1,269124
2364.357,1,268871
2366.054,1,268909
2367.751,1,269130
2369.447,1,268909
2371.143,1,268477
2372.838,1,268931
2374.533,1,268841
2376.228,1,268303
2377.923,1,269665
2379.617,1,268964
2381.310,1,268992
2383.003,1,268787
2384.696,1,268659
2386.389,1,269021
2388.081,1,268830
2389.773,1,269150
2391.464,1,269406
2393.155,1,269653
2394.846,1,269011
2396.536,1,268658
2398.226,1,269284
2399.916,1,268949
2401.605,1,268990
2403.294,1,268895
2404.982,1,268688
2406.670,1,269096
2408.358,1,269012
2410.045,1,269109
2411.732,1,269472
2413.418,1,269193
2415.105,1,269125
2416.790,1,268498
2418.476,1,268520
2420.161,1,268717
2421.846,1,268664
2423.530,1,267676
2425.214,1,268299
2426.897,1,268367
2428.581,1,269040
2430.264,1,268094
2431.946,1,267859
2433.628,1,268037
2435.310,1,268606
2436.991,1,267700
2438.672,1,268914
2440.353,1,268040
2442.033,1,267754
2443.713,1,267863
2445.392,1,267827
2447.072,1,267729
2448.750,1,267348
2450.429,1,267461
2452.107,1,267459
2453.785,1,267158
2455.462,1,266954
2457.139,1,267526
2458.815,1,266758
2460.491,1,266503
2462.167,1,266952
2463.843,1,266281
2465.518,1,266491
2467.193,1,266740
2468.867,1,266635
2470.541,1,266032
2472.215,1,266225
2473.888,1,265893
2475.561,1,266087
2477.233,1,265648
2478.905,1,265766
2480.577,1,265374
2482.249,1,265466
2483.920,1,265711
2485.590,1,264997
2487.261,1,264385
2488.931,1,264997
2490.600,1,264987
2492.269,1,264678
2493.938,1,264065
2495.607,1,263720
2497.275,1,263772
2498.943,1,263767
2500.610,1,263760
2502.277,1,264379
2503.944,1,263689
2505.610,1,263844
2507.276,1,262507
2508.942,1,263450
2510.607,1,262709
2512.272,1,262721
2513.936,1,262231
2515.600,1,262529
2517.264,1,261638
2518.927,1,261553
2520.590,1,262153
2522.253,1,261806
2523.915,1,261332
2525.577,1,261764
2527.239,1,260900
2528.900,1,261026
2530.561,1,260887
2532.221,1,260957
2533.881,1,260980
2535.541,1,260796
2537.200,1,260135
2538.859,1,260153
2540.518,1,260907
2542.176,1,260287
2543.834,1,259886
2545.492,1,259727
2547.149,1,259946
2548.806,1,260005
2550.462,1,260105
2552.119,1,259399
2553.774,1,259757
2555.430,1,259412
2557.085,1,259421
2558.740,1,259659
2560.394,1,259477
2562.048,1,258926
2563.701,1,259257
2565.355,1,258520
2567.007,1,258789
2568.660,1,259458
2570.312,1,259013
2571.964,1,258380
2573.615,1,258265
2575.266,1,258561
2576.917,1,258639
2578.568,1,258408
2580.218,1,258195
2581.867,1,258611
2583.516,1,258201
2585.165,1,258488
2586.814,1,258065
2588.462,1,258288
2590.110,1,258522
2591.757,1,257674
2593.405,1,257911
2595.051,1,258584
2596.698,1,257227
2598.344,1,256888
2599.989,1,257918
2601.635,1,257640
2603.280,1,258056
2604.924,1,257726
2606.569,1,257625
2608.212,1,257798
2609.856,1,258082
2611.499,1,257407
2613.142,1,256830
2614.784,1,257650
2616.427,1,257409
2618.068,1,257511
2619.710,1,257614
2621.351,1,257604
2622.991,1,257294
2624.632,1,257585
2626.272,1,257842
2627.911,1,256925
2629.551,1,257014
2631.190,1,256693
2632.828,1,256429
2634.466,1,256375
2636.104,1,256556
2637.742,1,256435
2639.379,1,256185
2641.015,1,255946
2642.652,1,256381
2644.288,1,255367
2645.924,1,255400
2647.559,1,255628
2649.194,1,255451
2650.829,1,255549
2652.463,1,255211
2654.097,1,254738
2655.730,1,255126
2657.364,1,254750
2658.996,1,254786
2660.629,1,254250
2662.261,1,254192
2663.893,1,253929
2665.524,1,254227
2667.155,1,253755
2668.786,1,252588
2670.417,1,254073
2672.047,1,253733
2673.676,1,252823
2675.306,1,253930
2676.935,1,252786
2678.563,1,253709
2680.192,1,252739
2681.819,1,252313
2683.447,1,253195
2685.074,1,252431
2686.701,1,252202
2688.328,1,252314
2689.954,1,252115
2691.580,1,252241
2693.205,1,252128
2694.830,1,252535
2696.455,1,252052
2698.079,1,252039
2699.703,1,251655
2701.327,1,251534
2702.950,1,251383
2704.573,1,251368
2706.196,1,251843
2707.818,1,251639
2709.440,1,250769
2711.062,1,250690
2712.683,1,250756
2714.304,1,251205
2715.924,1,251015
2717.545,1,250819
2719.164,1,250969
