184.081,1,306109
186.293,1,298967
188.506,1,294933
190.717,1,290964
192.928,1,285632
195.138,1,281750
197.348,1,278129
199.557,1,273503
201.766,1,268538
203.974,1,264943
206.182,1,260873
208.389,1,256658
210.595,1,252621
212.801,1,249093
215.007,1,245492
217.211,1,242279
219.416,1,237891
221.619,1,234837
223.823,1,231529
226.025,1,228371
228.227,1,225368
230.429,1,222310
232.630,1,219328
234.830,1,217347
237.030,1,214170
239.229,1,211636
241.428,1,208245
243.626,1,205849
245.824,1,203763
248.021,1,201347
250.217,1,198485
252.413,1,195957
254.609,1,193738
256.804,1,191534
258.998,1,189584
261.192,1,187349
263.385,1,185448
265.578,1,183316
267.770,1,181994
269.961,1,179868
272.152,1,178031
274.343,1,176706
276.533,1,174446
278.722,1,172432
280.911,1,170990
283.099,1,168990
285.287,1,167812
287.474,1,165386
289.661,1,163375
291.847,1,161732
294.032,1,159608
296.217,1,157792
298.402,1,156125
300.586,1,154902
302.769,1,152905
304.952,1,150722
307.134,1,149132
309.316,1,147360
311.497,1,145869
313.677,1,144727
315.857,1,142848
318.037,1,141971
320.216,1,140325
322.394,1,138688
324.572,1,137707
326.750,1,136769
328.926,1,135682
331.103,1,135047
333.278,1,133887
335.454,1,133313
337.628,1,132083
339.802,1,131552
341.976,1,130435
344.149,1,130397
346.321,1,129715
348.493,1,129226
350.665,1,128969
352.835,1,129001
355.006,1,128106
357.175,1,127077
359.345,1,126729
361.513,1,126310
363.681,1,126145
365.849,1,125922
368.016,1,125639
370.182,1,125152
372.348,1,124539
374.514,1,124407
376.679,1,123957
378.843,1,123473
381.007,1,123006
383.170,1,123188
385.333,1,123101
387.495,1,123126
389.657,1,122827
391.818,1,122921
393.978,1,123312
396.138,1,122615
398.298,1,122967
400.457,1,123069
402.615,1,122430
404.773,1,123159
406.930,1,123090
409.087,1,122835
411.244,1,122821
413.399,1,122548
415.554,1,122620
417.709,1,123045
419.863,1,122362
422.017,1,122196
424.170,1,121854
426.322,1,122191
428.474,1,121989
430.626,1,121951
432.777,1,121370
434.927,1,121336
437.077,1,120911
439.226,1,120173
441.375,1,120482
443.523,1,119998
445.671,1,119496
447.818,1,119089
449.965,1,119676
452.111,1,119219
454.257,1,119005
456.402,1,118510
458.546,1,118369
460.690,1,117146
462.834,1,117827
464.976,1,117313
467.119,1,116662
469.261,1,116946
471.402,1,116246
473.543,1,116412
475.683,1,116006
477.823,1,115923
479.962,1,116137
482.101,1,115789
484.239,1,115890
486.376,1,115884
488.513,1,116241
490.650,1,116354
492.786,1,115984
494.922,1,116970
497.057,1,116607
499.191,1,117422
501.325,1,117421
503.458,1,118342
505.591,1,118637
507.723,1,118738
509.855,1,119821
511.987,1,120736
514.117,1,121878
516.247,1,121953
518.377,1,121703
520.506,1,122483
522.635,1,121873
524.763,1,121719
526.891,1,121516
529.018,1,121232
531.144,1,121366
533.270,1,121720
535.396,1,120764
537.521,1,120372
539.645,1,120407
541.769,1,120028
543.892,1,119650
546.015,1,119241
548.138,1,119045
550.259,1,118619
552.381,1,118525
554.502,1,118262
556.622,1,118195
558.741,1,118264
560.861,1,117557
562.979,1,117270
565.097,1,117310
567.215,1,116980
569.332,1,117061
571.449,1,117035
573.565,1,117046
575.680,1,116446
577.795,1,116327
579.910,1,116077
582.024,1,115912
584.137,1,115399
586.250,1,114699
588.363,1,114533
590.475,1,113668
592.586,1,113082
594.697,1,112345
596.807,1,112008
598.917,1,111592
601.026,1,111044
603.135,1,110532
605.243,1,110576
607.351,1,110013
609.458,1,109593
611.565,1,109081
613.671,1,108601
615.777,1,108193
617.882,1,107825
619.987,1,107771
622.091,1,107894
624.194,1,107597
626.297,1,107252
628.400,1,106892
630.502,1,106884
632.604,1,106743
634.705,1,106759
636.805,1,106547
638.905,1,106337
641.005,1,106250
643.104,1,106180
645.202,1,106387
647.300,1,105877
649.397,1,106406
651.494,1,106502
653.591,1,106654
655.686,1,106439
657.782,1,106458
659.877,1,106555
661.971,1,106553
664.065,1,107321
666.158,1,107097
668.251,1,106696
670.343,1,106403
672.435,1,106481
674.526,1,106301
676.617,1,106393
678.707,1,106277
680.797,1,105955
682.886,1,105898
684.975,1,106135
687.063,1,105722
689.151,1,105975
691.238,1,105671
693.324,1,105331
695.410,1,105593
697.496,1,105346
699.581,1,104928
701.666,1,105097
703.750,1,104595
705.833,1,104592
707.917,1,104378
709.999,1,104503
712.081,1,104267
714.163,1,103863
716.244,1,104027
718.324,1,103754
720.404,1,103522
722.484,1,103529
724.563,1,103296
726.641,1,103460
728.719,1,102891
730.797,1,103275
732.874,1,102978
734.950,1,103085
737.026,1,103184
739.102,1,102840
741.177,1,102723
743.251,1,102804
745.325,1,102388
747.398,1,102361
749.471,1,102697
751.544,1,102276
753.616,1,102414
755.687,1,102006
757.758,1,102127
759.828,1,102368
761.898,1,102266
763.968,1,102637
766.036,1,102252
768.105,1,102707
770.173,1,103220
772.240,1,103253
774.307,1,103335
776.373,1,104211
778.439,1,104817
780.504,1,105305
782.569,1,106429
784.634,1,107952
786.697,1,109211
788.761,1,111372
790.824,1,112759
792.886,1,115166
794.948,1,116927
797.009,1,119083
799.070,1,121275
801.130,1,123833
803.190,1,126019
805.249,1,128189
807.308,1,130790
809.367,1,132154
811.424,1,133556
813.482,1,135007
815.539,1,135925
817.595,1,136579
819.651,1,137045
821.706,1,137973
823.761,1,138111
825.815,1,139447
827.869,1,140827
829.922,1,141525
831.975,1,143324
834.028,1,144879
836.079,1,146820
838.131,1,149081
840.182,1,150904
842.232,1,152879
844.282,1,155077
846.331,1,157051
848.380,1,158851
850.428,1,161172
852.476,1,163085
854.524,1,163873
856.570,1,163373
858.617,1,161106
860.663,1,156389
862.708,1,149723
864.753,1,142863
866.797,1,135176
868.841,1,128710
870.885,1,124445
872.928,1,122354
874.970,1,121109
877.012,1,120744
879.053,1,120520
881.094,1,120948
883.135,1,120175
885.175,1,119816
887.214,1,118646
889.253,1,117551
891.291,1,116158
893.329,1,114636
895.367,1,113520
897.404,1,112366
899.440,1,110783
901.476,1,109842
903.512,1,108959
905.547,1,108137
907.581,1,107368
909.615,1,106861
911.649,1,106957
913.682,1,106994
915.714,1,107685
917.746,1,107336
919.778,1,107709
921.809,1,107364
923.840,1,106796
925.870,1,106419
927.899,1,105718
929.928,1,104861
931.957,1,104030
933.985,1,103699
936.013,1,103359
938.040,1,102599
940.067,1,102061
942.093,1,102078
944.119,1,101740
946.144,1,101526
948.168,1,100907
950.193,1,100238
952.216,1,100001
954.240,1,99694
956.262,1,98940
958.285,1,98673
960.306,1,97965
962.328,1,97445
964.349,1,97009
966.369,1,96682
968.389,1,96591
970.408,1,96456
972.427,1,96504
974.445,1,96705
976.463,1,96990
978.481,1,97299
980.498,1,98250
982.514,1,99246
984.530,1,100476
986.545,1,101891
988.560,1,103825
990.575,1,105716
992.589,1,107045
994.602,1,107304
996.615,1,107277
998.628,1,106118
1000.640,1,104511
1002.652,1,103350
1004.663,1,102161
1006.673,1,101650
1008.684,1,101206
1010.693,1,101043
1012.702,1,101404
1014.711,1,101391
1016.719,1,102358
1018.727,1,102655
1020.734,1,103580
1022.741,1,104871
1024.747,1,105794
1026.753,1,107123
1028.758,1,108392
1030.763,1,110073
1032.768,1,111071
1034.772,1,112474
1036.775,1,113998
1038.778,1,115529
1040.780,1,115953
1042.782,1,116955
1044.784,1,117474
1046.785,1,117141
1048.785,1,116614
1050.785,1,116471
1052.785,1,116063
1054.784,1,116176
1056.782,1,116430
1058.781,1,118148
1060.778,1,118953
1062.775,1,120484
1064.772,1,122057
1066.768,1,122776
1068.764,1,122855
1070.759,1,123261
1072.754,1,123029
1074.748,1,123146
1076.742,1,122641
1078.735,1,122534
1080.728,1,121671
1082.721,1,121176
1084.713,1,119934
1086.704,1,118459
1088.695,1,116431
1090.686,1,115537
1092.676,1,113962
1094.665,1,113508
1096.654,1,112589
1098.643,1,112402
1100.631,1,112145
1102.618,1,112075
1104.606,1,112289
1106.592,1,112758
1108.578,1,112909
1110.564,1,113825
1112.549,1,114635
1114.534,1,115648
1116.519,1,116614
1118.502,1,117650
1120.486,1,118691
1122.469,1,120182
1124.451,1,121941
1126.433,1,123415
1128.414,1,125330
1130.395,1,127794
1132.376,1,130232
1134.356,1,132334
1136.336,1,134614
1138.315,1,136044
1140.293,1,137194
1142.271,1,137283
1144.249,1,136788
1146.226,1,135395
1148.203,1,133543
1150.179,1,130228
1152.155,1,126538
1154.131,1,122386
1156.105,1,118665
1158.080,1,114629
1160.054,1,111246
1162.027,1,108136
1164.000,1,105582
1165.973,1,103567
1167.945,1,102075
1169.916,1,100641
1171.887,1,100183
1173.858,1,99339
1175.828,1,99116
1177.798,1,98490
1179.767,1,98374
1181.736,1,98172
1183.704,1,97973
1185.672,1,97651
1187.639,1,97712
1189.606,1,97127
1191.573,1,97159
1193.539,1,97206
1195.504,1,96248
1197.469,1,96496
1199.434,1,96580
1201.398,1,96845
1203.361,1,96850
1205.325,1,96964
1207.287,1,96687
1209.249,1,97143
1211.211,1,97591
1213.173,1,97659
1215.133,1,98072
1217.094,1,98393
1219.054,1,98757
1221.013,1,98928
1222.972,1,99511
1224.931,1,99983
1226.889,1,101097
1228.846,1,101953
1230.803,1,103363
1232.760,1,105055
1234.716,1,107923
1236.672,1,111442
1238.627,1,115431
1240.582,1,119206
1242.536,1,122162
1244.490,1,124108
1246.443,1,125018
1248.396,1,125299
1250.349,1,125334
1252.301,1,126015
1254.252,1,125784
1256.203,1,125751
1258.154,1,125907
1260.104,1,125579
1262.054,1,125679
1264.003,1,125301
1265.952,1,124837
1267.900,1,124422
1269.848,1,124596
1271.796,1,125444
1273.742,1,127995
1275.689,1,131902
1277.635,1,136666
1279.581,1,141911
1281.526,1,147187
1283.470,1,151906
1285.414,1,154260
1287.358,1,157033
1289.301,1,157070
1291.244,1,156336
1293.187,1,153899
1295.128,1,152111
1297.070,1,149683
1299.011,1,147700
1300.951,1,145928
1302.891,1,144145
1304.831,1,142679
1306.770,1,140771
1308.709,1,137730
1310.647,1,134413
1312.585,1,130891
1314.522,1,127103
1316.459,1,123526
1318.395,1,120760
1320.331,1,118010
1322.267,1,115258
1324.202,1,113246
1326.136,1,111587
1328.070,1,109798
1330.004,1,108311
1331.937,1,107193
1333.870,1,105871
1335.802,1,105330
1337.734,1,104821
1339.665,1,104684
1341.596,1,104133
1343.527,1,103903
1345.457,1,103496
1347.386,1,70170
1349.315,1,102514
1351.244,1,103119
1353.172,1,103921
1355.100,1,103770
1357.027,1,103810
1358.954,1,104116
1360.880,1,104289
1362.806,1,104218
1364.732,1,104571
1366.657,1,104249
1368.581,1,104075
1370.506,1,104100
1372.429,1,104241
1374.352,1,104238
1376.275,1,104399
1378.197,1,104477
1380.119,1,104850
1382.041,1,105234
1383.962,1,105609
1385.882,1,106053
1387.802,1,106402
1389.722,1,106436
1391.641,1,107369
1393.560,1,108224
1395.478,1,108316
1397.396,1,109058
1399.313,1,109336
1401.230,1,109884
1403.146,1,109695
1405.062,1,109900
1406.978,1,110535
1408.893,1,110614
1410.808,1,110985
1412.722,1,111139
1414.636,1,111726
1416.549,1,111630
1418.462,1,111982
1420.374,1,112015
1422.286,1,112346
1424.198,1,112511
1426.109,1,112923
1428.019,1,113339
1429.929,1,113875
1431.839,1,114679
1433.748,1,114927
1435.657,1,116398
1437.566,1,117420
1439.474,1,119543
1441.381,1,122519
1443.288,1,126150
1445.195,1,130878
1447.101,1,137101
1449.006,1,141821
1450.912,1,145967
1452.816,1,148259
1454.721,1,147599
1456.625,1,147605
1458.528,1,147815
1460.431,1,147591
1462.334,1,147911
1464.236,1,149235
1466.138,1,151320
1468.039,1,154712
1469.940,1,158863
1471.840,1,164814
1473.740,1,171090
1475.639,1,178177
1477.538,1,182484
1479.437,1,179330
1481.335,1,168365
1483.233,1,155467
1485.130,1,144600
1487.027,1,135833
1488.923,1,128365
1490.819,1,122970
1492.715,1,118681
1494.610,1,115351
1496.504,1,113359
1498.398,1,111233
1500.292,1,109865
1502.185,1,108877
1504.078,1,108136
1505.971,1,107915
1507.862,1,107286
1509.754,1,106423
1511.645,1,106362
1513.536,1,105785
1515.426,1,105464
1517.316,1,105301
1519.205,1,104867
1521.094,1,104755
1522.982,1,104758
1524.870,1,104562
1526.758,1,104349
1528.645,1,104229
1530.531,1,104253
1532.418,1,104364
1534.303,1,103957
1536.189,1,104126
1538.074,1,104443
1539.958,1,104061
1541.842,1,103867
1543.726,1,104090
1545.609,1,104138
1547.492,1,103949
1549.374,1,104411
1551.256,1,104061
1553.137,1,104554
1555.018,1,104527
1556.898,1,104512
1558.779,1,104691
1560.658,1,104674
1562.537,1,104802
1564.416,1,104951
1566.295,1,105172
1568.172,1,105468
1570.050,1,105415
1571.927,1,105759
1573.804,1,106017
1575.680,1,105919
1577.555,1,106553
1579.431,1,106577
1581.306,1,107131
1583.180,1,107083
1585.054,1,107539
1586.927,1,108174
1588.801,1,108431
1590.673,1,108632
1592.545,1,108907
1594.417,1,109140
1596.289,1,109394
1598.160,1,109665
1600.030,1,110118
1601.900,1,110819
1603.770,1,111156
1605.639,1,111562
1607.508,1,112149
1609.376,1,112680
1611.244,1,112863
1613.111,1,113368
1614.979,1,113959
1616.845,1,114172
1618.711,1,114731
1620.577,1,114757
1622.442,1,114882
1624.307,1,115439
1626.172,1,115476
1628.036,1,116187
1629.899,1,116285
1631.762,1,116877
1633.625,1,116954
1635.487,1,117321
1637.349,1,117139
1639.211,1,117354
1641.072,1,117434
1642.932,1,117367
1644.792,1,117395
1646.652,1,116879
1648.511,1,117023
1650.370,1,117015
1652.229,1,116695
1654.087,1,116513
1655.944,1,116144
1657.801,1,115914
1659.658,1,115440
1661.514,1,115445
1663.370,1,115084
1665.226,1,114473
1667.080,1,113908
1668.935,1,113065
1670.789,1,112615
1672.643,1,112460
1674.496,1,111759
1676.349,1,111078
1678.201,1,110627
1680.053,1,109897
1681.905,1,109367
1683.756,1,108677
1685.607,1,108043
1687.457,1,107775
1689.307,1,107009
1691.156,1,106612
1693.005,1,106040
1694.854,1,105348
1696.702,1,104756
1698.550,1,104206
1700.397,1,103563
1702.244,1,103080
1704.090,1,102618
1705.936,1,102009
1707.782,1,101742
1709.627,1,101063
1711.472,1,100844
1713.316,1,100235
1715.160,1,99719
1717.004,1,99672
1718.847,1,98898
1720.689,1,98686
1722.531,1,98568
1724.373,1,97673
1726.215,1,97599
1728.056,1,97202
1729.896,1,96963
1731.736,1,96559
1733.576,1,96370
1735.415,1,96277
1737.254,1,95913
1739.092,1,95450
1740.930,1,95143
1742.768,1,95044
1744.605,1,94504
1746.442,1,94547
1748.278,1,93848
1750.114,1,93949
1751.949,1,93618
1753.784,1,93188
1755.619,1,93415
1757.453,1,92954
1759.287,1,92652
1761.120,1,92326
1762.953,1,92277
1764.785,1,92008
1766.617,1,91639
1768.449,1,91277
1770.280,1,91350
1772.111,1,91083
1773.941,1,91391
1775.771,1,90774
1777.601,1,90308
1779.430,1,90191
1781.259,1,90453
1783.087,1,90044
1784.915,1,89881
1786.742,1,89881
1788.569,1,89207
1790.396,1,89902
1792.222,1,89518
1794.048,1,89680
1795.873,1,89296
1797.698,1,89235
1799.523,1,89064
1801.347,1,89400
1803.171,1,89076
1804.994,1,89040
1806.817,1,88921
1808.639,1,88837
1810.461,1,88921
1812.283,1,88987
1814.104,1,89231
1815.925,1,89278
1817.745,1,89279
1819.565,1,89286
1821.384,1,89320
1823.203,1,89436
1825.022,1,89592
1826.840,1,89465
1828.658,1,89606
1830.476,1,89723
1832.293,1,89916
1834.109,1,90015
1835.925,1,90433
1837.741,1,90235
1839.557,1,90436
1841.372,1,90605
1843.186,1,91025
1845.000,1,90753
1846.814,1,91146
1848.627,1,91213
1850.440,1,91282
1852.253,1,91636
1854.065,1,91758
1855.876,1,91773
1857.687,1,91500
1859.498,1,91862
1861.309,1,92131
1863.119,1,92321
1864.928,1,92268
1866.737,1,92653
1868.546,1,92527
1870.354,1,92463
1872.162,1,92524
1873.970,1,92940
1875.777,1,92711
1877.584,1,93259
1879.390,1,93169
1881.196,1,93234
1883.001,1,93078
1884.806,1,93365
1886.611,1,93348
1888.415,1,93397
1890.219,1,93536
1892.022,1,93772
1893.825,1,93472
1895.628,1,94016
1897.430,1,93697
1899.232,1,93649
1901.033,1,93620
1902.834,1,93815
1904.634,1,93878
1906.434,1,93872
1908.234,1,93777
1910.033,1,93889
1911.832,1,93970
1913.631,1,94099
1915.429,1,94047
1917.226,1,94205
1919.024,1,94123
1920.821,1,93807
1922.617,1,93974
1924.413,1,93967
1926.209,1,93933
1928.004,1,94193
1929.799,1,94127
1931.593,1,93793
1933.387,1,94037
1935.180,1,94255
1936.974,1,94248
1938.766,1,93893
1940.559,1,94174
1942.351,1,94130
1944.142,1,94304
1945.933,1,94516
1947.724,1,94268
1949.514,1,94317
1951.304,1,94193
1953.094,1,94191
1954.883,1,94415
1956.672,1,94158
1958.460,1,94263
1960.248,1,94194
1962.035,1,93997
1963.822,1,94603
1965.609,1,94268
1967.395,1,94168
1969.181,1,94055
1970.967,1,94473
1972.752,1,94179
1974.536,1,94506
1976.320,1,94469
1978.104,1,94412
1979.888,1,94373
1981.671,1,94430
1983.453,1,94483
1985.236,1,94634
1987.017,1,94482
1988.799,1,94585
1990.580,1,94742
1992.360,1,94767
1994.141,1,94914
1995.920,1,94875
1997.700,1,94997
1999.479,1,94548
2001.257,1,94954
2003.036,1,94831
2004.813,1,94762
2006.591,1,95238
2008.368,1,95097
2010.144,1,95131
2011.920,1,95077
2013.696,1,95088
2015.472,1,95393
2017.247,1,95266
2019.021,1,95365
2020.795,1,95348
2022.569,1,95170
2024.342,1,95473
2026.115,1,95461
2027.888,1,95399
2029.660,1,95480
2031.432,1,95469
2033.203,1,95691
2034.974,1,95489
2036.745,1,95609
2038.515,1,96056
2040.285,1,95659
2042.054,1,95873
2043.823,1,95788
2045.592,1,95837
2047.360,1,95999
2049.128,1,96113
2050.895,1,95892
2052.662,1,96515
2054.429,1,97336
2056.195,1,96659
2057.961,1,96170
2059.726,1,96301
2061.491,1,96392
2063.256,1,96296
2065.020,1,96429
2066.783,1,96374
2068.547,1,96646
2070.310,1,96563
2072.072,1,96708
2073.835,1,96645
2075.597,1,96710
2077.358,1,96552
2079.119,1,96860
2080.880,1,96532
2082.640,1,96770
2084.400,1,96916
2086.159,1,96560
2087.918,1,96747
2089.677,1,96615
2091.435,1,96919
2093.193,1,96560
2094.950,1,96618
2096.707,1,96641
2098.464,1,96600
2100.220,1,96628
2101.976,1,96855
2103.732,1,96711
2105.487,1,96752
2107.241,1,96735
2108.996,1,96553
2110.750,1,96834
2112.503,1,97035
2114.256,1,96552
2116.009,1,96625
2117.761,1,96371
2119.513,1,96314
2121.265,1,96658
2123.016,1,96492
2124.767,1,96530
2126.517,1,96792
2128.267,1,96556
2130.017,1,96343
2131.766,1,96145
2133.515,1,96670
2135.263,1,96069
2137.011,1,96295
2138.759,1,96205
2140.506,1,95995
2142.253,1,95994
2143.999,1,96339
2145.745,1,96435
2147.491,1,95876
2149.236,1,96254
2150.981,1,96000
2152.725,1,95616
2154.470,1,95495
2156.213,1,95705
2157.957,1,95423
2159.699,1,95204
2161.442,1,95314
2163.184,1,95017
2164.926,1,95379
2166.667,1,95052
2168.408,1,95131
2170.149,1,95245
2171.889,1,95001
2173.629,1,94504
2175.368,1,95193
2177.107,1,94689
2178.846,1,94848
2180.584,1,94773
2182.322,1,94733
2184.059,1,94212
2185.797,1,94342
2187.533,1,94099
2189.270,1,94374
2191.005,1,94285
2192.741,1,94220
2194.476,1,94038
2196.211,1,93737
2197.945,1,93491
2199.679,1,93852
2201.413,1,93407
2203.146,1,93360
2204.879,1,93302
2206.611,1,93267
2208.343,1,93104
2210.075,1,92744
2211.806,1,93147
2213.537,1,92849
2215.268,1,92590
2216.998,1,92584
2218.727,1,92525
2220.457,1,92108
2222.186,1,92167
2223.914,1,92231
2225.643,1,91920
2227.370,1,91592
2229.098,1,91992
2230.825,1,91758
2232.551,1,91629
2234.278,1,91325
2236.004,1,91415
2237.729,1,91032
2239.454,1,90973
2241.179,1,91183
2242.903,1,90756
2244.627,1,90934
2246.351,1,91008
2248.074,1,90537
2249.797,1,90645
2251.519,1,90394
2253.241,1,90314
2254.963,1,90271
2256.684,1,90245
2258.405,1,89824
2260.125,1,89890
2261.846,1,89848
2263.565,1,89471
2265.285,1,89409
2267.004,1,89273
2268.722,1,89283
2270.440,1,89111
2272.158,1,88879
2273.876,1,88834
2275.593,1,88797
2277.309,1,88422
2279.026,1,88289
2280.742,1,88272
2282.457,1,88190
2284.172,1,87832
2285.887,1,87760
2287.602,1,87718
2289.316,1,87507
2291.029,1,87223
2292.742,1,87015
2294.455,1,86571
2296.168,1,86794
2297.880,1,86389
2299.592,1,86525
2301.303,1,86406
2303.014,1,86145
2304.725,1,86153
2306.435,1,85587
2308.145,1,85660
2309.854,1,85551
2311.563,1,85628
2313.272,1,85254
2314.980,1,85112
2316.688,1,84890
2318.396,1,84627
2320.103,1,84544
2321.810,1,84675
2323.516,1,84572
2325.222,1,84375
2326.928,1,84342
2328.633,1,84072
2330.338,1,83897
2332.042,1,83737
2333.747,1,83809
2335.450,1,83789
2337.154,1,83938
2338.857,1,83425
2340.559,1,83367
2342.262,1,83418
2343.964,1,83602
2345.665,1,83308
2347.366,1,83016
2349.067,1,83107
2350.767,1,83292
2352.467,1,83306
2354.167,1,83094
2355.866,1,83096
2357.565,1,83341
2359.264,1,82841
2360.962,1,83152
2362.660,1,83135
2364.357,1,83094
2366.054,1,82928
2367.751,1,83035
2369.447,1,83087
2371.143,1,82948
2372.838,1,82847
2374.533,1,82791
2376.228,1,82835
2377.923,1,82712
2379.617,1,82687
2381.310,1,82559
2383.003,1,82786
2384.696,1,82612
2386.389,1,82641
2388.081,1,82544
2389.773,1,82460
2391.464,1,82557
2393.155,1,82592
2394.846,1,82383
2396.536,1,82655
2398.226,1,82126
2399.916,1,82207
2401.605,1,82289
2403.294,1,82071
2404.982,1,82259
2406.670,1,82173
2408.358,1,82224
2410.045,1,81862
2411.732,1,81992
2413.418,1,81834
2415.105,1,81774
2416.790,1,81615
2418.476,1,81655
2420.161,1,81251
2421.846,1,81411
2423.530,1,81553
2425.214,1,81611
2426.897,1,81341
2428.581,1,81259
2430.264,1,80926
2431.946,1,81035
2433.628,1,81365
2435.310,1,80929
2436.991,1,80940
2438.672,1,81072
2440.353,1,81066
2442.033,1,80955
2443.713,1,80800
2445.392,1,80750
2447.072,1,80896
2448.750,1,80865
2450.429,1,80547
2452.107,1,80642
2453.785,1,80708
2455.462,1,80812
2457.139,1,80657
2458.815,1,81040
2460.491,1,80490
2462.167,1,80863
2463.843,1,80803
2465.518,1,81103
2467.193,1,80987
2468.867,1,81035
2470.541,1,81026
2472.215,1,81195
2473.888,1,81268
2475.561,1,81140
2477.233,1,81405
2478.905,1,81206
2480.577,1,81264
2482.249,1,81056
2483.920,1,80980
2485.590,1,81150
2487.261,1,81324
2488.931,1,80955
2490.600,1,81299
2492.269,1,81331
2493.938,1,81161
2495.607,1,81434
2497.275,1,81173
2498.943,1,81086
2500.610,1,81411
2502.277,1,81346
2503.944,1,81463
2505.610,1,81391
2507.276,1,81272
2508.942,1,81356
2510.607,1,81193
2512.272,1,81305
2513.936,1,81701
2515.600,1,81648
2517.264,1,81505
2518.927,1,81427
2520.590,1,81180
2522.253,1,81232
2523.915,1,80954
2525.577,1,81233
2527.239,1,80836
2528.900,1,81025
2530.561,1,81183
2532.221,1,81280
2533.881,1,81083
2535.541,1,81178
2537.200,1,80781
2538.859,1,81046
2540.518,1,81197
2542.176,1,81491
2543.834,1,81000
2545.492,1,80937
2547.149,1,81084
2548.806,1,81447
2550.462,1,81244
2552.119,1,81417
2553.774,1,81198
2555.430,1,81347
2557.085,1,81321
2558.740,1,81177
2560.394,1,81641
2562.048,1,81457
2563.701,1,81578
2565.355,1,81679
2567.007,1,81457
2568.660,1,81701
2570.312,1,81742
2571.964,1,81443
2573.615,1,81649
2575.266,1,81756
2576.917,1,81779
2578.568,1,81852
2580.218,1,81832
2581.867,1,81905
2583.516,1,81718
2585.165,1,81849
2586.814,1,81723
2588.462,1,81714
2590.110,1,81474
2591.757,1,81280
2593.405,1,81254
2595.051,1,81126
2596.698,1,81405
2598.344,1,81287
2599.989,1,81211
2601.635,1,80864
2603.280,1,80923
2604.924,1,80640
2606.569,1,80728
2608.212,1,80464
2609.856,1,80663
2611.499,1,80705
2613.142,1,80463
2614.784,1,80414
2616.427,1,80472
2618.068,1,80417
2619.710,1,80348
2621.351,1,80157
2622.991,1,80363
2624.632,1,80061
2626.272,1,80153
2627.911,1,80120
2629.551,1,79935
2631.190,1,80113
2632.828,1,80193
2634.466,1,79966
2636.104,1,80126
2637.742,1,79858
2639.379,1,80146
2641.015,1,80135
2642.652,1,79958
2644.288,1,80330
2645.924,1,80136
2647.559,1,80086
2649.194,1,80348
2650.829,1,80480
2652.463,1,80503
2654.097,1,80620
2655.730,1,80870
2657.364,1,80887
2658.996,1,81100
2660.629,1,81289
2662.261,1,81457
2663.893,1,81588
2665.524,1,81648
2667.155,1,81791
2668.786,1,81794
2670.417,1,81961
2672.047,1,82376
2673.676,1,82193
2675.306,1,82321
2676.935,1,82892
2678.563,1,83314
2680.192,1,83490
2681.819,1,84117
2683.447,1,84794
2685.074,1,85851
2686.701,1,86995
2688.328,1,88263
2689.954,1,89486
2691.580,1,90941
2693.205,1,91975
2694.830,1,92680
2696.455,1,93073
2698.079,1,93608
2699.703,1,93498
2701.327,1,93682
2702.950,1,94116
2704.573,1,93780
2706.196,1,93958
2707.818,1,94088
2709.440,1,94158
2711.062,1,94505
2712.683,1,94181
2714.304,1,94561
2715.924,1,95056
2717.545,1,95115
2719.164,1,95338
