1172.136,1,62212
1174.114,1,58117
1176.091,1,57308
1178.068,1,57310
1180.044,1,57163
1182.020,1,57223
1183.996,1,57357
1185.971,1,57214
1187.945,1,57220
1189.919,1,57334
1191.893,1,57287
1193.866,1,57341
1195.838,1,57245
1197.810,1,57267
1199.782,1,57350
1201.753,1,57235
1203.724,1,57290
1205.694,1,57292
1207.664,1,57230
1209.633,1,57173
1211.602,1,57220
1213.570,1,57380
1215.538,1,57234
1217.506,1,57193
1219.473,1,57516
1221.439,1,57462
1223.405,1,57355
1225.371,1,57459
1227.336,1,57373
1229.300,1,57517
1231.265,1,57612
1233.228,1,57662
1235.191,1,57633
1237.154,1,57601
1239.116,1,57733
1241.078,1,57764
1243.040,1,57738
1245.001,1,57822
1246.961,1,57987
1248.921,1,57744
1250.880,1,57914
1252.839,1,57924
1254.798,1,57822
1256.756,1,57839
1258.714,1,57929
1260.671,1,57897
1262.627,1,57769
1264.584,1,57940
1266.539,1,58009
1268.495,1,57794
1270.449,1,57749
1272.404,1,57780
1274.358,1,57676
1276.311,1,57807
1278.264,1,57742
1280.217,1,57572
1282.169,1,57580
1284.120,1,57498
1286.071,1,57493
1288.022,1,57328
1289.972,1,57194
1291.922,1,57305
1293.871,1,57264
1295.820,1,57185
1297.768,1,57150
1299.716,1,57238
1301.663,1,57243
1303.610,1,57112
1305.557,1,57116
1307.503,1,57257
1309.448,1,57138
1311.394,1,57098
1313.338,1,57094
1315.282,1,57070
1317.226,1,56965
1319.169,1,56925
1321.112,1,57077
1323.054,1,56706
1324.996,1,56636
1326.938,1,56683
1328.879,1,56704
1330.819,1,56520
1332.759,1,56376
1334.699,1,56486
1336.638,1,56590
1338.576,1,56499
1340.515,1,56379
1342.452,1,56390
1344.390,1,56423
1346.326,1,56308
1348.263,1,56431
1350.199,1,56442
1352.134,1,56288
1354.069,1,56634
1356.004,1,56607
1357.938,1,56507
1359.871,1,56486
1361.805,1,56477
1363.737,1,56483
1365.670,1,56374
1367.601,1,56572
1369.533,1,56391
1371.463,1,56373
1373.394,1,56462
1375.324,1,56439
1377.253,1,56489
1379.182,1,56489
1381.111,1,56629
1383.039,1,56625
1384.967,1,56795
1386.894,1,56918
1388.821,1,57181
1390.747,1,57040
1392.673,1,57251
1394.598,1,57202
1396.523,1,57257
1398.448,1,57185
1400.372,1,57402
1402.296,1,57187
1404.219,1,57154
1406.141,1,57222
1408.064,1,57263
1409.985,1,57232
1411.907,1,57192
1413.828,1,57071
1415.748,1,57297
1417.668,1,56975
1419.588,1,57078
1421.507,1,57126
1423.425,1,57200
1425.343,1,57338
1427.261,1,57087
1429.178,1,56957
1431.095,1,56890
1433.011,1,56638
1434.927,1,56648
1436.843,1,56570
1438.758,1,56530
1440.672,1,56440
1442.587,1,56478
1444.500,1,56488
1446.413,1,56369
1448.326,1,56394
1450.238,1,56434
1452.150,1,56260
1454.062,1,56300
1455.973,1,56222
1457.883,1,56148
1459.793,1,56066
1461.703,1,56003
1463.612,1,56123
1465.521,1,55897
1467.429,1,56075
1469.337,1,56083
1471.244,1,56163
1473.151,1,55986
1475.057,1,56200
1476.964,1,56174
1478.869,1,56259
1480.774,1,56105
1482.679,1,56108
1484.583,1,56172
1486.487,1,56147
1488.390,1,56211
1490.293,1,56198
1492.196,1,56355
1494.098,1,56255
1495.999,1,56351
1497.900,1,56402
1499.801,1,56393
1501.701,1,56385
1503.601,1,56522
1505.500,1,56407
1507.399,1,56690
1509.298,1,56623
1511.196,1,56580
1513.093,1,56607
1514.990,1,56695
1516.887,1,56725
1518.783,1,56817
1520.679,1,56793
1522.574,1,56955
1524.469,1,56958
1526.364,1,56981
1528.258,1,57258
1530.151,1,57055
1532.044,1,57098
1533.937,1,57128
1535.829,1,57275
1537.721,1,57506
1539.612,1,57316
1541.503,1,57494
1543.394,1,57548
1545.284,1,57681
1547.173,1,57835
1549.062,1,57924
1550.951,1,57933
1552.839,1,58043
1554.727,1,58054
1556.614,1,58299
1558.501,1,58207
1560.388,1,58466
1562.274,1,58531
1564.159,1,58667
1566.045,1,58742
1567.929,1,58660
1569.814,1,58892
1571.697,1,59073
1573.581,1,59137
1575.464,1,59363
1577.346,1,59581
1579.228,1,59731
1581.110,1,59789
1582.991,1,59979
1584.872,1,60213
1586.752,1,60361
1588.632,1,60544
1590.512,1,60692
1592.391,1,60808
1594.269,1,61089
1596.147,1,61294
1598.025,1,61391
1599.902,1,61667
1601.779,1,61935
1603.656,1,62238
1605.532,1,62502
1607.407,1,63248
1609.282,1,63104
1611.157,1,63128
1613.031,1,63371
1614.905,1,63469
1616.778,1,63872
1618.651,1,64063
1620.524,1,64262
1622.396,1,64513
1624.267,1,64590
1626.138,1,64888
1628.009,1,64952
1629.879,1,64934
1631.749,1,65084
1633.619,1,65224
1635.488,1,65283
1637.356,1,65236
1639.224,1,65198
1641.092,1,65212
1642.959,1,65128
1644.826,1,65252
1646.692,1,65093
1648.558,1,64984
1650.424,1,64912
1652.289,1,64600
1654.154,1,64718
1656.018,1,64362
1657.882,1,64381
1659.745,1,63981
1661.608,1,63784
1663.470,1,63609
1665.332,1,63362
1667.194,1,63044
1669.055,1,62827
1670.916,1,62557
1672.776,1,62262
1674.636,1,61998
1676.496,1,61714
1678.355,1,61473
1680.213,1,61061
1682.071,1,60956
1683.929,1,60532
1685.786,1,60254
1687.643,1,60079
1689.500,1,59777
1691.356,1,59595
1693.211,1,59409
1695.066,1,58873
1696.921,1,58803
1698.775,1,58631
1700.629,1,58519
1702.483,1,58196
1704.336,1,57860
1706.188,1,57665
1708.040,1,57553
1709.892,1,57383
1711.743,1,57208
1713.594,1,57099
1715.445,1,56907
1717.295,1,56599
1719.144,1,56573
1720.994,1,56403
1722.842,1,56068
1724.691,1,56082
1726.538,1,55929
1728.386,1,55888
1730.233,1,55687
1732.079,1,55597
1733.926,1,55343
1735.771,1,55290
1737.617,1,55229
1739.462,1,55154
1741.306,1,55104
1743.150,1,54933
1744.994,1,54848
1746.837,1,54877
1748.680,1,54569
1750.522,1,54573
1752.364,1,54535
1754.205,1,54462
1756.046,1,54374
1757.887,1,54229
1759.727,1,54213
1761.567,1,54103
1763.406,1,53989
1765.245,1,53981
1767.084,1,53976
1768.922,1,53993
1770.759,1,53760
1772.597,1,53815
1774.433,1,53692
1776.270,1,53654
1778.106,1,53670
1779.941,1,53635
1781.776,1,53553
1783.611,1,53625
1785.445,1,53371
1787.279,1,53484
1789.113,1,53398
1790.946,1,53429
1792.778,1,53359
1794.610,1,53427
1796.442,1,53274
1798.274,1,53193
1800.104,1,53145
1801.935,1,53096
1803.765,1,53085
1805.595,1,53206
1807.424,1,53202
1809.253,1,53110
1811.081,1,53132
1812.909,1,53021
1814.736,1,53072
1816.564,1,52981
1818.390,1,53061
1820.217,1,53041
1822.042,1,52933
1823.868,1,53061
1825.693,1,52993
1827.517,1,53033
1829.342,1,52970
1831.165,1,52953
1832.989,1,52892
1834.812,1,52875
1836.634,1,52930
1838.456,1,52911
1840.278,1,52829
1842.099,1,52820
1843.920,1,52807
1845.740,1,52710
1847.560,1,52902
1849.380,1,52884
1851.199,1,52728
1853.018,1,52824
1854.836,1,52758
1856.654,1,52795
1858.471,1,52774
1860.289,1,52830
1862.105,1,52826
1863.921,1,52781
1865.737,1,52700
1867.553,1,52704
1869.368,1,52777
1871.182,1,52750
1872.996,1,52793
1874.810,1,52794
1876.623,1,52774
1878.436,1,52777
1880.249,1,52806
1882.061,1,52829
1883.873,1,52736
1885.684,1,52845
1887.495,1,52745
1889.305,1,52787
1891.115,1,52776
1892.925,1,52793
1894.734,1,52773
1896.543,1,52868
1898.351,1,52772
1900.159,1,52818
1901.966,1,52803
1903.774,1,52823
1905.580,1,52778
1907.387,1,52915
1909.192,1,52855
1910.998,1,52882
1912.803,1,52897
1914.608,1,52979
1916.412,1,52854
1918.216,1,52892
1920.019,1,52903
1921.822,1,52949
1923.625,1,53024
1925.427,1,53068
1927.228,1,52882
1929.030,1,52925
1930.831,1,53068
1932.631,1,52987
1934.431,1,52995
1936.231,1,53070
1938.030,1,53030
1939.829,1,52939
1941.628,1,53077
1943.426,1,53094
1945.223,1,53147
1947.021,1,53184
1948.817,1,53123
1950.614,1,53285
1952.410,1,53306
1954.205,1,53378
1956.001,1,53227
1957.795,1,53310
1959.590,1,53231
1961.384,1,53445
1963.177,1,53399
1964.970,1,53424
1966.763,1,53411
1968.555,1,53500
1970.347,1,53413
1972.139,1,53458
1973.930,1,53596
1975.721,1,53547
1977.511,1,53624
1979.301,1,53593
1981.090,1,53691
1982.879,1,53747
1984.668,1,53768
1986.456,1,53751
1988.244,1,53681
1990.032,1,53864
1991.819,1,53975
1993.605,1,53839
1995.391,1,53924
1997.177,1,53842
1998.963,1,53970
2000.748,1,53979
2002.532,1,54003
2004.316,1,54137
2006.100,1,54103
2007.884,1,54054
2009.667,1,54219
2011.449,1,54307
2013.231,1,54147
2015.013,1,54259
2016.794,1,54270
2018.575,1,54326
2020.356,1,54262
2022.136,1,54377
2023.916,1,54339
2025.695,1,54411
2027.474,1,54392
2029.253,1,54557
2031.031,1,54438
2032.808,1,54482
2034.586,1,54558
2036.363,1,54527
2038.139,1,54549
2039.915,1,54462
2041.691,1,54620
2043.466,1,54688
2045.241,1,54622
2047.016,1,54717
2048.790,1,54777
2050.564,1,54715
2052.337,1,54608
2054.110,1,54807
2055.882,1,54721
2057.654,1,54736
2059.426,1,54741
2061.197,1,54807
2062.968,1,54925
2064.739,1,54969
2066.509,1,54938
2068.278,1,54816
2070.048,1,54971
2071.817,1,55044
2073.585,1,54880
2075.353,1,54959
2077.121,1,55023
2078.888,1,55002
2080.655,1,54938
2082.421,1,55154
2084.188,1,55007
2085.953,1,55023
2087.719,1,55096
2089.483,1,55086
2091.248,1,54999
2093.012,1,55111
2094.776,1,55021
2096.539,1,55091
2098.302,1,55070
2100.064,1,55148
2101.826,1,55113
2103.588,1,55179
2105.349,1,55132
2107.110,1,55094
2108.871,1,55242
2110.631,1,55171
2112.391,1,55226
2114.150,1,55241
2115.909,1,55068
2117.667,1,55030
2119.426,1,55135
2121.183,1,55033
2122.941,1,55105
2124.698,1,55211
2126.454,1,55103
2128.210,1,55014
2129.966,1,55058
2131.721,1,54999
2133.476,1,55102
2135.231,1,55025
2136.985,1,55099
2138.739,1,55024
2140.492,1,55100
2142.245,1,55162
2143.998,1,55070
2145.750,1,54967
2147.502,1,55025
2149.253,1,55159
2151.004,1,55013
2152.755,1,54943
2154.505,1,54968
2156.255,1,54915
2158.004,1,54920
2159.753,1,55062
2161.502,1,54908
2163.250,1,54843
2164.998,1,54865
2166.745,1,54931
2168.493,1,54804
2170.239,1,54848
2171.986,1,54784
2173.731,1,54775
2175.477,1,54771
2177.222,1,54745
2178.967,1,54775
2180.711,1,54826
2182.455,1,54747
2184.199,1,54690
2185.942,1,54772
2187.684,1,54673
2189.427,1,54704
2191.169,1,54620
2192.910,1,54660
2194.652,1,54642
2196.392,1,54511
2198.133,1,54532
2199.873,1,54600
2201.612,1,54507
2203.352,1,54457
2205.091,1,54439
2206.829,1,54544
2208.567,1,54380
2210.305,1,54446
2212.042,1,54334
2213.779,1,54247
2215.515,1,50555
2217.252,1,54261
2218.987,1,54267
2220.723,1,54078
2222.458,1,54161
2224.192,1,54172
2225.926,1,54103
2227.660,1,54122
2229.394,1,54159
2231.127,1,53937
2232.859,1,54051
2234.591,1,53923
2236.323,1,54016
2238.055,1,53950
2239.786,1,53845
2241.516,1,53868
2243.247,1,53902
2244.977,1,53845
2246.706,1,53837
2248.435,1,53791
2250.164,1,53788
2251.892,1,53834
2253.620,1,53678
2255.348,1,53653
2257.075,1,53494
2258.802,1,53707
2260.528,1,53714
2262.255,1,53541
2263.980,1,53625
2265.705,1,53460
2267.430,1,53546
2269.155,1,53535
2270.879,1,53611
2272.603,1,53448
2274.326,1,53489
2276.049,1,53425
2277.772,1,53422
2279.494,1,53314
2281.216,1,53343
2282.937,1,53329
2284.658,1,53371
2286.379,1,53294
2288.099,1,53246
2289.819,1,53181
2291.538,1,53202
2293.258,1,53220
2294.976,1,53316
2296.695,1,53179
2298.413,1,53146
2300.130,1,53116
2301.847,1,53129
2303.564,1,53043
2305.281,1,52982
2306.997,1,53034
2308.712,1,52897
2310.428,1,52975
2312.143,1,52976
2313.857,1,52897
2315.571,1,52951
2317.285,1,52939
2318.998,1,52914
2320.711,1,52939
2322.424,1,53002
2324.136,1,52934
2325.848,1,52887
2327.560,1,52868
2329.271,1,52847
2330.981,1,52841
2332.692,1,52915
2334.402,1,52751
2336.111,1,52884
2337.820,1,52775
2339.529,1,52671
2341.238,1,52666
2342.946,1,52672
2344.653,1,52718
2346.361,1,52685
2348.068,1,52624
2349.774,1,52691
2351.480,1,52532
2353.186,1,52652
2354.892,1,52683
2356.597,1,52632
2358.301,1,52544
2360.005,1,52538
2361.709,1,52570
2363.413,1,52570
2365.116,1,52458
2366.819,1,52457
2368.521,1,52549
2370.223,1,52404
2371.925,1,52517
2373.626,1,52440
2375.327,1,52479
2377.027,1,52471
2378.727,1,52426
2380.427,1,52445
2382.126,1,52371
2383.825,1,52469
2385.524,1,52323
2387.222,1,52343
2388.920,1,52413
2390.618,1,52334
2392.315,1,52388
2394.011,1,52253
2395.708,1,52192
2397.404,1,52369
2399.099,1,52196
2400.794,1,52257
2402.489,1,52212
2404.184,1,52214
2405.878,1,52239
2407.571,1,52181
2409.265,1,52226
2410.958,1,52221
2412.650,1,52223
2414.343,1,52032
2416.034,1,52132
2417.726,1,52120
2419.417,1,52045
2421.108,1,52041
2422.798,1,52198
2424.488,1,52132
2426.178,1,52015
2427.867,1,51910
2429.556,1,52038
2431.244,1,52016
2432.932,1,52003
2434.620,1,51994
2436.307,1,51919
2437.994,1,51872
2439.681,1,51889
2441.367,1,51912
2443.053,1,51981
2444.738,1,51926
2446.424,1,52003
2448.108,1,51842
2449.793,1,51921
2451.477,1,51930
2453.160,1,51909
2454.844,1,51806
2456.526,1,51791
2458.209,1,51877
2459.891,1,51819
2461.573,1,51800
2463.254,1,51880
2464.935,1,51823
2466.616,1,51869
2468.296,1,51847
2469.976,1,51876
2471.656,1,51800
2473.335,1,51688
2475.014,1,51827
2476.692,1,51729
2478.370,1,51822
2480.048,1,51876
2481.725,1,51750
2483.402,1,51817
2485.079,1,51839
2486.755,1,51798
2488.431,1,51705
2490.106,1,51790
2491.781,1,51821
2493.456,1,51766
2495.130,1,51774
2496.804,1,51784
2498.478,1,51754
2500.151,1,51710
2501.824,1,51806
2503.497,1,51745
2505.169,1,51823
2506.841,1,51936
2508.512,1,51814
2510.183,1,51919
2511.854,1,51903
2513.524,1,51841
2515.194,1,51841
2516.864,1,51777
2518.533,1,51848
2520.202,1,51787
2521.870,1,51847
2523.538,1,51909
2525.206,1,51956
2526.874,1,51738
2528.541,1,51915
2530.207,1,51921
2531.873,1,51861
2533.539,1,51977
2535.205,1,52012
2536.870,1,51865
2538.535,1,52021
2540.199,1,51911
2541.864,1,52059
2543.527,1,52068
2545.191,1,51939
2546.854,1,52042
2548.516,1,52142
2550.179,1,52107
2551.840,1,52203
2553.502,1,52166
2555.163,1,52190
2556.824,1,52241
2558.484,1,52237
2560.144,1,52272
2561.804,1,52344
2563.464,1,52546
2565.123,1,52544
2566.781,1,52580
2568.439,1,52659
2570.097,1,52763
2571.755,1,52824
2573.412,1,53136
2575.069,1,53042
2576.725,1,53204
2578.381,1,53132
2580.037,1,53240
2581.692,1,53229
2583.347,1,53074
2585.002,1,52933
2586.656,1,52815
2588.310,1,52666
2589.964,1,52573
2591.617,1,52519
2593.270,1,52364
2594.922,1,52203
2596.574,1,52050
2598.226,1,52045
2599.877,1,52066
2601.528,1,51981
2603.179,1,51836
2604.829,1,51916
2606.479,1,51801
2608.129,1,51784
2609.778,1,51732
2611.427,1,51705
2613.076,1,51539
2614.724,1,51699
2616.371,1,51687
2618.019,1,51638
2619.666,1,51708
2621.313,1,51561
2622.959,1,51660
2624.605,1,51631
2626.250,1,51685
2627.896,1,51675
2629.541,1,51599
2631.185,1,51591
2632.829,1,51584
2634.473,1,51594
2636.117,1,51528
2637.760,1,51653
2639.402,1,51738
2641.045,1,51675
2642.687,1,51564
2644.329,1,51671
2645.970,1,51686
2647.611,1,51693
2649.251,1,51771
2650.892,1,51724
2652.532,1,51750
2654.171,1,51771
2655.810,1,51826
2657.449,1,51905
2659.087,1,51908
2660.726,1,51979
2662.363,1,51987
2664.001,1,51993
2665.638,1,51969
2667.274,1,52148
2668.911,1,52137
2670.547,1,52050
2672.182,1,52125
2673.817,1,52169
2675.452,1,52129
2677.087,1,52231
2678.721,1,52267
2680.355,1,52329
2681.988,1,52421
2683.621,1,52386
2685.254,1,52436
2686.887,1,52320
2688.519,1,52384
2690.150,1,52484
2691.782,1,52487
2693.413,1,52613
2695.043,1,52579
2696.674,1,52607
2698.304,1,52607
2699.933,1,52621
2701.562,1,52702
2703.191,1,52715
2704.820,1,52702
2706.448,1,52724
2708.076,1,52741
2709.703,1,52789
2711.330,1,52846
2712.957,1,52745
2714.583,1,52849
2716.209,1,52981
2717.835,1,53069
2719.460,1,52875
2721.085,1,53084
2722.710,1,53000
2724.334,1,53070
2725.958,1,53170
2727.582,1,53123
2729.205,1,53097
2730.828,1,53206
2732.450,1,53235
2734.072,1,53261
2735.694,1,53330
2737.316,1,53384
2738.937,1,53463
2740.557,1,53418
2742.178,1,53439
2743.798,1,53505
2745.418,1,53575
2747.037,1,53599
2748.656,1,53574
2750.274,1,53626
2751.893,1,53607
2753.511,1,53786
2755.128,1,53832
2756.746,1,53867
2758.362,1,54010
2759.979,1,53863
2761.595,1,54058
2763.211,1,54039
2764.826,1,54134
2766.442,1,54136
2768.056,1,54315
2769.671,1,54340
2771.285,1,54307
2772.899,1,54287
2774.512,1,54369
2776.125,1,54419
2777.738,1,54479
2779.350,1,54529
2780.962,1,54651
2782.574,1,54664
2784.185,1,54751
2785.796,1,54828
2787.407,1,54886
2789.017,1,54912
2790.627,1,54969
2792.236,1,55038
2793.846,1,55107
2795.455,1,55200
2797.063,1,55294
2798.671,1,55389
2800.279,1,55478
2801.887,1,55445
2803.494,1,55365
2805.100,1,55725
2806.707,1,55746
2808.313,1,55838
2809.919,1,55843
2811.524,1,55833
2813.129,1,56064
2814.734,1,56101
2816.338,1,56163
2817.942,1,56254
2819.546,1,56481
2821.149,1,56636
2822.752,1,56730
2824.355,1,56754
2825.957,1,56889
2827.559,1,56908
2829.161,1,57057
2830.762,1,57116
2832.363,1,57319
2833.963,1,57412
2835.564,1,57622
2837.164,1,57620
2838.763,1,57750
2840.362,1,57985
2841.961,1,57981
2843.560,1,58024
2845.158,1,58222
2846.756,1,58386
2848.353,1,58453
2849.950,1,58654
2851.547,1,58899
2853.143,1,58907
2854.739,1,59144
2856.335,1,59302
2857.931,1,59299
2859.526,1,59586
2861.120,1,59599
2862.715,1,59903
2864.309,1,59977
2865.903,1,60265
2867.496,1,60287
2869.089,1,60700
2870.682,1,60803
2872.274,1,60880
2873.866,1,61111
2875.457,1,61160
2877.049,1,61439
2878.640,1,61569
2880.230,1,61856
2881.821,1,61924
2883.411,1,62293
2885.000,1,62375
2886.589,1,62548
2888.178,1,62952
2889.767,1,63071
2891.355,1,63361
2892.943,1,63499
2894.531,1,63786
2896.118,1,64067
2897.705,1,64171
2899.291,1,64570
2900.877,1,64805
2902.463,1,65110
2904.049,1,65421
2905.634,1,65730
2907.219,1,66012
2908.803,1,66334
2910.387,1,66800
2911.971,1,67179
2913.555,1,67466
2915.138,1,68136
2916.720,1,68648
2918.303,1,69153
2919.885,1,69497
2921.467,1,70030
2923.048,1,70546
2924.629,1,71054
2926.210,1,71766
2927.790,1,72399
2929.371,1,72792
2930.950,1,73213
2932.530,1,73826
2934.109,1,74737
2935.687,1,75054
2937.266,1,75515
2938.844,1,76035
2940.422,1,76450
2941.999,1,76844
2943.576,1,77009
2945.153,1,77520
2946.729,1,77856
2948.305,1,78095
2949.881,1,78398
2951.456,1,78498
2953.031,1,78616
2954.606,1,78876
2956.180,1,79075
2957.754,1,79050
2959.328,1,79359
2960.901,1,79657
2962.474,1,80014
2964.047,1,80329
2965.619,1,80303
2967.191,1,80867
2968.763,1,81045
2970.334,1,81539
2971.905,1,81752
2973.476,1,82236
2975.046,1,82577
2976.616,1,82777
2978.186,1,83445
2979.755,1,83881
2981.324,1,84320
2982.893,1,85070
2984.461,1,85284
2986.029,1,85819
2987.597,1,86406
2989.164,1,86560
2990.731,1,87255
2992.298,1,87957
2993.864,1,88312
2995.430,1,88605
2996.995,1,89273
2998.561,1,89747
3000.126,1,90645
3001.690,1,90492
3003.255,1,91629
3004.819,1,92332
3006.382,1,92546
3007.946,1,93364
3009.509,1,94053
3011.071,1,94840
3012.634,1,95586
3014.195,1,96033
3015.757,1,96701
3017.318,1,97488
3018.879,1,98510
3020.440,1,98806
3022.000,1,100049
3023.560,1,100806
3025.120,1,101473
3026.679,1,102358
3028.238,1,103485
3029.797,1,103846
3031.355,1,104562
3032.913,1,105736
3034.471,1,106485
3036.028,1,107539
3037.585,1,108675
3039.142,1,109257
3040.698,1,110158
3042.254,1,111097
3043.810,1,112274
3045.365,1,113329
3046.920,1,114212
3048.475,1,115294
3050.029,1,116143
3051.583,1,116908
3053.137,1,118272
3054.690,1,119329
3056.243,1,120471
3057.796,1,121333
3059.349,1,122393
3060.901,1,124117
3062.452,1,124478
3064.004,1,125994
3065.555,1,126897
3067.106,1,128059
3068.656,1,129314
3070.206,1,131046
3071.756,1,131968
3073.305,1,133299
3074.854,1,134164
3076.403,1,135880
3077.951,1,137164
3079.500,1,138415
3081.047,1,139887
3082.595,1,141376
3084.142,1,142663
3085.689,1,144089
3087.235,1,145617
3088.781,1,146811
3090.327,1,148486
3091.873,1,149554
3093.418,1,151575
3094.963,1,153061
3096.507,1,154589
3098.051,1,156444
3099.595,1,157738
3101.139,1,159861
3102.682,1,161006
3104.225,1,162968
3105.767,1,164302
3107.310,1,166226
3108.851,1,167933
3110.393,1,170082
3111.934,1,171493
3113.475,1,173868
3115.016,1,175326
3116.556,1,177004
3118.096,1,179024
3119.636,1,181288
3121.175,1,183511
3122.714,1,185234
3124.252,1,186828
3125.791,1,188950
3127.329,1,191251
3128.866,1,193046
3130.404,1,195088
3131.941,1,197396
3133.477,1,199171
3135.014,1,201392
3136.550,1,203440
3138.086,1,205764
3139.621,1,207698
3141.156,1,209454
3142.691,1,211520
3144.225,1,213912
3145.759,1,215708
3147.293,1,217836
3148.827,1,220022
3150.360,1,221882
3151.892,1,224659
3153.425,1,226554
3154.957,1,229359
3156.489,1,230705
3158.020,1,232429
3159.552,1,235674
3161.082,1,237036
3162.613,1,239150
3164.143,1,241246
3165.673,1,243643
3167.203,1,245503
3168.732,1,246913
3170.261,1,249486
3171.790,1,250791
3173.318,1,253299
3174.846,1,256101
3176.373,1,257632
3177.901,1,259249
3179.428,1,261671
3180.954,1,262432
3182.481,1,264775
3184.007,1,266616
3185.533,1,267537
3187.058,1,269617
3188.583,1,271389
3190.108,1,272520
3191.632,1,275323
3193.156,1,275790
3194.680,1,277413
3196.204,1,279475
3197.727,1,280247
3199.250,1,280752
3200.772,1,283238
3202.294,1,284833
3203.816,1,285649
3205.338,1,286507
3206.859,1,287840
3208.380,1,288508
3209.900,1,289874
3211.421,1,290744
3212.941,1,290959
3214.460,1,291636
3215.980,1,293561
3217.499,1,293636
3219.017,1,293864
3220.536,1,295605
3222.054,1,295119
3223.571,1,295681
3225.089,1,296052
3226.606,1,296432
3228.123,1,297788
3229.639,1,297880
3231.155,1,298941
3232.671,1,300013
3234.187,1,300399
3235.702,1,301056
3237.217,1,299928
3238.731,1,300487
3240.245,1,300855
3241.759,1,301697
3243.273,1,301062
3244.786,1,301900
3246.299,1,301660
3247.812,1,301469
3249.324,1,302598
3250.836,1,301732
3252.348,1,301478
3253.859,1,300992
3255.370,1,301326
3256.881,1,301752
3258.392,1,301804
3259.902,1,302269
3261.411,1,301275
3262.921,1,301491
3264.430,1,301432
3265.939,1,301060
3267.447,1,301308
3268.956,1,301642
3270.464,1,301384
3271.971,1,301506
3273.478,1,301683
3274.985,1,301525
3276.492,1,300711
3277.998,1,300995
3279.504,1,300896
3281.010,1,300575
3282.515,1,300815
3284.021,1,301518
3285.525,1,300393
3287.030,1,301018
3288.534,1,301173
3290.038,1,299970
3291.541,1,300463
3293.044,1,300664
3294.547,1,300546
3296.050,1,300254
3297.552,1,300781
3299.054,1,300745
3300.556,1,300430
3302.057,1,300685
3303.558,1,301179
3305.059,1,301350
3306.559,1,301770
3308.059,1,302375
3309.559,1,303091
3311.058,1,302818
3312.557,1,302367
3314.056,1,303858
3315.554,1,303294
3317.053,1,303795
3318.551,1,303582
3320.048,1,303817
3321.545,1,304746
3323.042,1,304443
3324.539,1,305406
3326.035,1,305485
3327.531,1,305895
3329.027,1,306128
3330.522,1,306398
3332.017,1,305785
3333.512,1,306541
3335.006,1,307200
3336.501,1,306566
3337.994,1,307388
3339.488,1,307933
3340.981,1,307288
3342.474,1,307985
3343.966,1,307769
3345.459,1,308622
3346.951,1,309271
3348.442,1,309166
3349.934,1,310165
3351.425,1,310836
3352.915,1,311080
3354.406,1,310939
3355.896,1,311635
3357.386,1,312336
3358.875,1,311983
3360.364,1,313012
3361.853,1,313296
3363.342,1,313860
3364.830,1,313522
3366.318,1,314455
3367.805,1,314864
3369.293,1,315354
3370.780,1,315310
3372.266,1,315277
3373.753,1,315701
3375.239,1,316103
3376.725,1,316160
3378.210,1,316422
3379.695,1,316423
3381.180,1,317132
3382.665,1,316317
3384.149,1,317180
3385.633,1,316941
3387.116,1,317504
3388.600,1,316426
3390.083,1,316843
3391.565,1,316728
3393.048,1,316569
3394.530,1,316454
3396.011,1,315617
3397.493,1,315667
3398.974,1,315866
3400.455,1,314952
3401.935,1,315212
3403.416,1,314177
3404.895,1,314486
3406.375,1,313141
3407.854,1,313684
3409.333,1,312039
3410.812,1,313786
3412.290,1,312715
3413.769,1,311964
3415.246,1,310879
3416.724,1,312052
3418.201,1,310413
3419.678,1,309725
3421.154,1,310043
3422.631,1,308392
3424.106,1,308247
3425.582,1,307699
3427.057,1,306359
3428.532,1,305735
3430.007,1,304796
3431.482,1,303374
3432.956,1,302172
3434.429,1,300865
3435.903,1,300953
3437.376,1,299651
3438.849,1,298529
3440.322,1,297525
3441.794,1,296840
3443.266,1,295340
3444.738,1,294797
3446.209,1,293998
3447.680,1,292890
3449.151,1,291421
3450.621,1,290738
3452.091,1,289270
3453.561,1,288077
3455.031,1,286817
