184.081,1,533179
186.293,1,526727
188.506,1,523047
190.717,1,518915
192.928,1,514484
195.138,1,511746
197.348,1,507769
199.557,1,503202
201.766,1,499502
203.974,1,495025
206.182,1,490075
208.389,1,485765
210.595,1,480683
212.801,1,476801
215.007,1,471093
217.211,1,466289
219.416,1,461319
221.619,1,456629
223.823,1,452765
226.025,1,448477
228.227,1,444608
230.429,1,440612
232.630,1,437589
234.830,1,435204
237.030,1,433382
239.229,1,430484
241.428,1,428641
243.626,1,427290
245.824,1,426638
248.021,1,424011
250.217,1,422303
252.413,1,420505
254.609,1,419424
256.804,1,418182
258.998,1,416282
261.192,1,414954
263.385,1,413329
265.578,1,412065
267.770,1,409561
269.961,1,406777
272.152,1,405560
274.343,1,402563
276.533,1,400544
278.722,1,397891
280.911,1,395492
283.099,1,392813
285.287,1,390575
287.474,1,387153
289.661,1,384949
291.847,1,383600
294.032,1,381253
296.217,1,378220
298.402,1,375688
300.586,1,373804
302.769,1,372415
304.952,1,371256
307.134,1,369690
309.316,1,369715
311.497,1,368584
313.677,1,367459
315.857,1,366867
318.037,1,365941
320.216,1,366120
322.394,1,365483
324.572,1,365263
326.750,1,365219
328.926,1,365414
331.103,1,364230
333.278,1,365172
335.454,1,365823
337.628,1,366861
339.802,1,365981
341.976,1,367457
344.149,1,367324
346.321,1,368072
348.493,1,369091
350.665,1,369263
352.835,1,369216
355.006,1,369958
357.175,1,370286
359.345,1,372078
361.513,1,371776
363.681,1,372623
365.849,1,373134
368.016,1,373532
370.182,1,373734
372.348,1,374437
374.514,1,375114
376.679,1,374974
378.843,1,375785
381.007,1,376421
383.170,1,376804
385.333,1,376286
387.495,1,377359
389.657,1,377642
391.818,1,378918
393.978,1,379476
396.138,1,379542
398.298,1,381124
400.457,1,380644
402.615,1,381676
404.773,1,382358
406.930,1,381915
409.087,1,382555
411.244,1,382991
413.399,1,384736
415.554,1,384848
417.709,1,385116
419.863,1,385646
422.017,1,386104
424.170,1,387473
426.322,1,387712
428.474,1,388451
430.626,1,388762
432.777,1,390093
434.927,1,390674
437.077,1,391936
439.226,1,392198
441.375,1,392540
443.523,1,394069
445.671,1,394193
447.818,1,394293
449.965,1,395393
452.111,1,396526
454.257,1,396774
456.402,1,397723
458.546,1,397768
460.690,1,397860
462.834,1,398127
464.976,1,399141
467.119,1,398862
469.261,1,399811
471.402,1,399407
473.543,1,399919
475.683,1,399856
477.823,1,399245
479.962,1,399243
482.101,1,400249
484.239,1,399729
486.376,1,399702
488.513,1,401444
490.650,1,402487
492.786,1,403036
494.922,1,402862
497.057,1,403474
499.191,1,405247
501.325,1,406634
503.458,1,405984
505.591,1,406535
507.723,1,407645
509.855,1,407104
511.987,1,408041
514.117,1,407947
516.247,1,409430
518.377,1,409802
520.506,1,410022
522.635,1,410899
524.763,1,409712
526.891,1,409589
529.018,1,411056
531.144,1,410675
533.270,1,411284
535.396,1,410918
537.521,1,411054
539.645,1,412329
541.769,1,412746
543.892,1,412701
546.015,1,412517
548.138,1,412547
550.259,1,413826
552.381,1,414300
554.502,1,414727
556.622,1,415397
558.741,1,415140
560.861,1,416017
562.979,1,415345
565.097,1,416487
567.215,1,417189
569.332,1,417583
571.449,1,418089
573.565,1,418435
575.680,1,419634
577.795,1,419650
579.910,1,418870
582.024,1,419140
584.137,1,418630
586.250,1,419010
588.363,1,418199
590.475,1,418783
592.586,1,419115
594.697,1,418714
596.807,1,418669
598.917,1,418351
601.026,1,418482
603.135,1,419259
605.243,1,419643
607.351,1,418653
609.458,1,420043
611.565,1,420989
613.671,1,421347
615.777,1,422876
617.882,1,422578
619.987,1,421403
622.091,1,420682
624.194,1,421367
626.297,1,421327
628.400,1,422156
630.502,1,422044
632.604,1,423552
634.705,1,424382
636.805,1,425663
638.905,1,426558
641.005,1,425579
643.104,1,426112
645.202,1,426620
647.300,1,427749
649.397,1,428959
651.494,1,430223
653.591,1,431092
655.686,1,431037
657.782,1,433246
659.877,1,433032
661.971,1,435228
664.065,1,436174
666.158,1,437400
668.251,1,437630
670.343,1,439128
672.435,1,440370
674.526,1,440847
676.617,1,442252
678.707,1,442651
680.797,1,443168
682.886,1,442429
684.975,1,442955
687.063,1,443509
689.151,1,445083
691.238,1,444982
693.324,1,445411
695.410,1,445494
697.496,1,444996
699.581,1,444768
701.666,1,446581
703.750,1,447542
705.833,1,448490
707.917,1,448317
709.999,1,448948
712.081,1,448927
714.163,1,449648
716.244,1,449185
718.324,1,450246
720.404,1,450230
722.484,1,449629
724.563,1,450345
726.641,1,451128
728.719,1,451418
730.797,1,451156
732.874,1,451355
734.950,1,451416
737.026,1,452329
739.102,1,452867
741.177,1,453088
743.251,1,452351
745.325,1,452862
747.398,1,452149
749.471,1,452184
751.544,1,452108
753.616,1,450848
755.687,1,451894
757.758,1,450456
759.828,1,451100
761.898,1,450649
763.968,1,450540
766.036,1,450136
768.105,1,450606
770.173,1,451252
772.240,1,451700
774.307,1,452715
776.373,1,452443
778.439,1,453406
780.504,1,453698
782.569,1,454967
784.634,1,454650
786.697,1,455027
788.761,1,455662
790.824,1,455524
792.886,1,455187
794.948,1,456140
797.009,1,455907
799.070,1,457476
801.130,1,458083
803.190,1,458949
805.249,1,459854
807.308,1,459738
809.367,1,461447
811.424,1,463154
813.482,1,464583
815.539,1,465666
817.595,1,466368
819.651,1,467866
821.706,1,468363
823.761,1,468459
825.815,1,467483
827.869,1,468070
829.922,1,468563
831.975,1,469449
834.028,1,469380
836.079,1,470170
838.131,1,473734
840.182,1,474766
842.232,1,476139
844.282,1,478122
846.331,1,478475
848.380,1,476795
850.428,1,477724
852.476,1,477698
854.524,1,478475
856.570,1,480085
858.617,1,481389
860.663,1,483202
862.708,1,483803
864.753,1,488312
866.797,1,492093
868.841,1,493891
870.885,1,495811
872.928,1,496317
874.970,1,494208
877.012,1,491148
879.053,1,487456
881.094,1,484876
883.135,1,481515
885.175,1,480036
887.214,1,478639
889.253,1,478579
891.291,1,477841
893.329,1,477275
895.367,1,477249
897.404,1,476788
899.440,1,475827
901.476,1,476135
903.512,1,475509
905.547,1,476557
907.581,1,477507
909.615,1,477893
911.649,1,478227
913.682,1,480063
915.714,1,480128
917.746,1,482113
919.778,1,482757
921.809,1,483755
923.840,1,484956
925.870,1,486055
927.899,1,486880
929.928,1,487786
931.957,1,490049
933.985,1,491940
936.013,1,491243
938.040,1,492306
940.067,1,492493
942.093,1,492002
944.119,1,491512
946.144,1,491466
948.168,1,493114
950.193,1,493133
952.216,1,493472
954.240,1,495432
956.262,1,495067
958.285,1,496988
960.306,1,496881
962.328,1,497963
964.349,1,498522
966.369,1,500341
968.389,1,501183
970.408,1,503759
972.427,1,508012
974.445,1,511714
976.463,1,516946
978.481,1,523816
980.498,1,529511
982.514,1,533883
984.530,1,533993
986.545,1,530982
988.560,1,526073
990.575,1,519281
992.589,1,516659
994.602,1,520413
996.615,1,525913
998.628,1,520546
1000.640,1,508807
1002.652,1,501071
1004.663,1,498818
1006.673,1,497729
1008.684,1,496444
1010.693,1,496356
1012.702,1,496291
1014.711,1,495882
1016.719,1,496204
1018.727,1,497511
1020.734,1,498731
1022.741,1,502054
1024.747,1,504923
1026.753,1,504278
1028.758,1,504122
1030.763,1,503055
1032.768,1,503155
1034.772,1,503514
1036.775,1,504867
1038.778,1,505894
1040.780,1,506274
1042.782,1,507630
1044.784,1,508404
1046.785,1,509894
1048.785,1,511584
1050.785,1,512925
1052.785,1,515323
1054.784,1,516306
1056.782,1,518671
1058.781,1,521412
1060.778,1,523126
1062.775,1,526876
1064.772,1,529706
1066.768,1,532312
1068.764,1,534860
1070.759,1,537194
1072.754,1,537040
1074.748,1,536568
1076.742,1,534466
1078.735,1,533250
1080.728,1,528761
1082.721,1,527698
1084.713,1,525078
1086.704,1,523876
1088.695,1,522011
1090.686,1,522052
1092.676,1,521369
1094.665,1,520704
1096.654,1,521723
1098.643,1,521104
1100.631,1,520107
1102.618,1,521147
1104.606,1,520519
1106.592,1,519780
1108.578,1,519551
1110.564,1,520176
1112.549,1,520571
1114.534,1,520742
1116.519,1,522889
1118.502,1,522710
1120.486,1,524043
1122.469,1,523137
1124.451,1,522349
1126.433,1,520719
1128.414,1,519748
1130.395,1,518720
1132.376,1,517804
1134.356,1,518180
1136.336,1,517261
1138.315,1,518550
1140.293,1,518782
1142.271,1,519600
1144.249,1,520542
1146.226,1,521611
1148.203,1,523111
1150.179,1,523361
1152.155,1,523587
1154.131,1,523046
1156.105,1,521421
1158.080,1,521234
1160.054,1,520677
1162.027,1,520689
1164.000,1,521466
1165.973,1,522367
1167.945,1,522908
1169.916,1,522736
1171.887,1,522682
1173.858,1,522912
1175.828,1,522877
1177.798,1,522100
1179.767,1,520823
1181.736,1,521079
1183.704,1,520193
1185.672,1,521435
1187.639,1,521223
1189.606,1,521396
1191.573,1,521137
1193.539,1,522509
1195.504,1,524041
1197.469,1,525467
1199.434,1,526844
1201.398,1,526964
1203.361,1,527452
1205.325,1,527803
1207.287,1,525506
1209.249,1,525208
1211.211,1,524320
1213.173,1,524091
1215.133,1,524140
1217.094,1,523716
1219.054,1,524502
1221.013,1,525532
1222.972,1,525408
1224.931,1,526527
1226.889,1,528032
1228.846,1,529255
1230.803,1,529855
1232.760,1,530036
1234.716,1,531718
1236.672,1,532043
1238.627,1,532670
1240.582,1,532690
1242.536,1,532877
1244.490,1,534450
1246.443,1,534603
1248.396,1,534810
1250.349,1,534225
1252.301,1,535168
1254.252,1,537521
1256.203,1,536216
1258.154,1,537433
1260.104,1,537788
1262.054,1,538652
1264.003,1,537937
1265.952,1,538837
1267.900,1,538234
1269.848,1,538745
1271.796,1,539042
1273.742,1,539747
1275.689,1,539505
1277.635,1,539312
1279.581,1,539612
1281.526,1,540726
1283.470,1,542022
1285.414,1,542280
1287.358,1,542414
1289.301,1,543804
1291.244,1,544546
1293.187,1,545038
1295.128,1,545581
1297.070,1,547798
1299.011,1,547901
1300.951,1,549113
1302.891,1,549475
1304.831,1,550760
1306.770,1,552272
1308.709,1,552202
1310.647,1,554674
1312.585,1,553897
1314.522,1,555059
1316.459,1,554844
1318.395,1,554173
1320.331,1,554463
1322.267,1,554308
1324.202,1,555237
1326.136,1,556605
1328.070,1,557044
1330.004,1,558139
1331.937,1,558678
1333.870,1,559031
1335.802,1,558785
1337.734,1,558509
1339.665,1,556926
1341.596,1,555790
1343.527,1,554705
1345.457,1,553502
1347.386,1,271340
1349.315,1,550188
1351.244,1,550803
1353.172,1,549983
1355.100,1,549401
1357.027,1,549980
1358.954,1,548436
1360.880,1,547624
1362.806,1,547942
1364.732,1,547383
1366.657,1,546986
1368.581,1,547340
1370.506,1,546585
1372.429,1,547919
1374.352,1,547251
1376.275,1,548963
1378.197,1,549485
1380.119,1,551041
1382.041,1,551839
1383.962,1,552232
1385.882,1,553299
1387.802,1,553343
1389.722,1,554271
1391.641,1,554248
1393.560,1,555263
1395.478,1,556231
1397.396,1,556534
1399.313,1,556407
1401.230,1,558091
1403.146,1,557450
1405.062,1,557766
1406.978,1,558628
1408.893,1,560506
1410.808,1,559324
1412.722,1,560949
1414.636,1,560928
1416.549,1,560773
1418.462,1,560407
1420.374,1,560406
1422.286,1,561748
1424.198,1,560961
1426.109,1,560717
1428.019,1,561643
1429.929,1,563425
1431.839,1,564673
1433.748,1,565910
1435.657,1,567971
1437.566,1,569435
1439.474,1,571158
1441.381,1,571602
1443.288,1,571399
1445.195,1,571259
1447.101,1,570966
1449.006,1,569185
1450.912,1,568347
1452.816,1,566131
1454.721,1,566116
1456.625,1,565141
1458.528,1,563703
1460.431,1,562335
1462.334,1,560303
1464.236,1,559261
1466.138,1,557873
1468.039,1,555702
1469.940,1,555259
1471.840,1,552247
1473.740,1,551973
1475.639,1,551774
1477.538,1,552720
1479.437,1,551359
1481.335,1,550827
1483.233,1,549898
1485.130,1,550627
1487.027,1,551339
1488.923,1,551600
1490.819,1,551441
1492.715,1,551611
1494.610,1,550575
1496.504,1,551331
1498.398,1,550127
1500.292,1,550689
1502.185,1,550775
1504.078,1,551714
1505.971,1,551561
1507.862,1,552202
1509.754,1,552206
1511.645,1,553108
1513.536,1,552231
1515.426,1,552641
1517.316,1,552498
1519.205,1,551578
1521.094,1,550612
1522.982,1,550943
1524.870,1,551509
1526.758,1,551071
1528.645,1,551317
1530.531,1,550501
1532.418,1,551432
1534.303,1,551497
1536.189,1,551153
1538.074,1,551843
1539.958,1,551081
1541.842,1,551393
1543.726,1,551114
1545.609,1,551454
1547.492,1,551199
1549.374,1,551149
1551.256,1,550741
1553.137,1,549841
1555.018,1,549704
1556.898,1,549404
1558.779,1,549921
1560.658,1,549102
1562.537,1,549318
1564.416,1,548739
1566.295,1,549568
1568.172,1,548903
1570.050,1,549674
1571.927,1,550554
1573.804,1,549888
1575.680,1,549703
1577.555,1,551693
1579.431,1,551390
1581.306,1,551188
1583.180,1,550834
1585.054,1,550974
1586.927,1,550891
1588.801,1,551177
1590.673,1,551131
1592.545,1,551781
1594.417,1,552994
1596.289,1,555061
1598.160,1,556476
1600.030,1,555953
1601.900,1,555597
1603.770,1,555658
1605.639,1,553956
1607.508,1,556020
1609.376,1,556715
1611.244,1,556335
1613.111,1,555996
1614.979,1,556500
1616.845,1,555312
1618.711,1,555768
1620.577,1,556767
1622.442,1,557036
1624.307,1,557101
1626.172,1,558495
1628.036,1,557775
1629.899,1,558183
1631.762,1,560005
1633.625,1,561272
1635.487,1,561048
1637.349,1,561922
1639.211,1,563665
1641.072,1,562883
1642.932,1,563234
1644.792,1,565083
1646.652,1,564823
1648.511,1,564769
1650.370,1,563367
1652.229,1,561307
1654.087,1,559251
1655.944,1,557746
1657.801,1,554412
1659.658,1,552250
1661.514,1,550373
1663.370,1,547995
1665.226,1,546335
1667.080,1,544120
1668.935,1,542255
1670.789,1,541838
1672.643,1,538945
1674.496,1,538858
1676.349,1,536044
1678.201,1,534590
1680.053,1,533044
1681.905,1,531494
1683.756,1,530949
1685.607,1,528613
1687.457,1,526988
1689.307,1,525915
1691.156,1,524912
1693.005,1,523727
1694.854,1,521929
1696.702,1,521786
1698.550,1,519602
1700.397,1,519639
1702.244,1,518520
1704.090,1,517103
1705.936,1,516865
1707.782,1,515984
1709.627,1,516282
1711.472,1,514952
1713.316,1,514845
1715.160,1,513800
1717.004,1,513011
1718.847,1,511878
1720.689,1,512735
1722.531,1,510790
1724.373,1,510320
1726.215,1,509356
1728.056,1,508665
1729.896,1,508237
1731.736,1,507732
1733.576,1,506630
1735.415,1,505411
1737.254,1,506329
1739.092,1,504215
1740.930,1,503857
1742.768,1,501891
1744.605,1,501870
1746.442,1,501340
1748.278,1,500596
1750.114,1,499153
1751.949,1,499195
1753.784,1,497218
1755.619,1,497042
1757.453,1,496336
1759.287,1,495243
1761.120,1,494205
1762.953,1,493198
1764.785,1,492691
1766.617,1,491235
1768.449,1,489673
1770.280,1,489166
1772.111,1,488110
1773.941,1,486765
1775.771,1,486109
1777.601,1,485623
1779.430,1,484027
1781.259,1,483874
1783.087,1,482799
1784.915,1,481633
1786.742,1,481561
1788.569,1,480558
1790.396,1,479289
1792.222,1,479778
1794.048,1,480395
1795.873,1,480524
1797.698,1,479344
1799.523,1,479880
1801.347,1,480243
1803.171,1,479498
1804.994,1,479823
1806.817,1,480120
1808.639,1,481999
1810.461,1,481653
1812.283,1,483171
1814.104,1,484459
1815.925,1,486159
1817.745,1,486149
1819.565,1,487258
1821.384,1,488435
1823.203,1,489700
1825.022,1,490915
1826.840,1,491793
1828.658,1,493893
1830.476,1,495754
1832.293,1,497130
1834.109,1,498880
1835.925,1,501022
1837.741,1,503056
1839.557,1,504227
1841.372,1,506392
1843.186,1,508624
1845.000,1,509262
1846.814,1,512968
1848.627,1,513600
1850.440,1,515160
1852.253,1,517658
1854.065,1,519779
1855.876,1,520052
1857.687,1,521646
1859.498,1,523900
1861.309,1,524901
1863.119,1,527902
1864.928,1,528026
1866.737,1,529620
1868.546,1,531145
1870.354,1,533059
1872.162,1,535169
1873.970,1,535124
1875.777,1,537375
1877.584,1,538641
1879.390,1,538948
1881.196,1,539913
1883.001,1,541158
1884.806,1,541295
1886.611,1,542228
1888.415,1,543400
1890.219,1,543264
1892.022,1,543976
1893.825,1,544265
1895.628,1,544429
1897.430,1,545273
1899.232,1,544922
1901.033,1,545118
1902.834,1,545501
1904.634,1,545336
1906.434,1,546858
1908.234,1,546778
1910.033,1,546318
1911.832,1,547563
1913.631,1,546447
1915.429,1,547155
1917.226,1,547598
1919.024,1,547743
1920.821,1,546854
1922.617,1,546519
1924.413,1,546021
1926.209,1,546638
1928.004,1,546025
1929.799,1,545833
1931.593,1,545817
1933.387,1,546069
1935.180,1,545930
1936.974,1,545600
1938.766,1,546584
1940.559,1,546445
1942.351,1,544856
1944.142,1,545484
1945.933,1,545089
1947.724,1,544717
1949.514,1,544910
1951.304,1,545011
1953.094,1,543851
1954.883,1,543263
1956.672,1,542158
1958.460,1,541443
1960.248,1,542469
1962.035,1,541865
1963.822,1,541821
1965.609,1,541388
1967.395,1,540568
1969.181,1,539406
1970.967,1,539609
1972.752,1,539586
1974.536,1,540201
1976.320,1,538379
1978.104,1,538170
1979.888,1,538456
1981.671,1,538287
1983.453,1,538473
1985.236,1,538746
1987.017,1,538318
1988.799,1,538006
1990.580,1,536207
1992.360,1,537094
1994.141,1,535989
1995.920,1,535696
1997.700,1,535773
1999.479,1,535139
2001.257,1,535861
2003.036,1,534326
2004.813,1,535527
2006.591,1,534210
2008.368,1,535016
2010.144,1,534977
2011.920,1,534140
2013.696,1,534028
2015.472,1,534123
2017.247,1,534304
2019.021,1,534150
2020.795,1,533477
2022.569,1,533593
2024.342,1,534432
2026.115,1,532696
2027.888,1,532872
2029.660,1,532742
2031.432,1,531946
2033.203,1,532783
2034.974,1,531602
2036.745,1,532358
2038.515,1,531443
2040.285,1,532532
2042.054,1,531260
2043.823,1,531350
2045.592,1,531036
2047.360,1,530335
2049.128,1,530944
2050.895,1,530492
2052.662,1,531495
2054.429,1,529982
2056.195,1,529795
2057.961,1,530351
2059.726,1,530444
2061.491,1,529736
2063.256,1,529145
2065.020,1,528913
2066.783,1,529780
2068.547,1,529543
2070.310,1,529070
2072.072,1,528792
2073.835,1,528152
2075.597,1,528344
2077.358,1,528148
2079.119,1,529451
2080.880,1,527362
2082.640,1,527981
2084.400,1,527176
2086.159,1,528596
2087.918,1,526502
2089.677,1,526464
2091.435,1,527141
2093.193,1,526540
2094.950,1,526564
2096.707,1,526999
2098.464,1,526322
2100.220,1,525754
2101.976,1,526370
2103.732,1,526097
2105.487,1,525723
2107.241,1,524673
2108.996,1,525433
2110.750,1,525300
2112.503,1,524750
2114.256,1,524206
2116.009,1,524852
2117.761,1,523222
2119.513,1,523801
2121.265,1,523543
2123.016,1,524206
2124.767,1,524045
2126.517,1,523250
2128.267,1,523509
2130.017,1,523395
2131.766,1,522475
2133.515,1,522517
2135.263,1,523632
2137.011,1,521200
2138.759,1,522334
2140.506,1,521450
2142.253,1,521810
2143.999,1,521452
2145.745,1,522023
2147.491,1,520489
2149.236,1,519709
2150.981,1,520032
2152.725,1,520153
2154.470,1,520118
2156.213,1,519104
2157.957,1,519242
2159.699,1,518589
2161.442,1,518947
2163.184,1,518620
2164.926,1,517365
2166.667,1,518010
2168.408,1,517602
2170.149,1,517274
2171.889,1,517460
2173.629,1,516382
2175.368,1,516831
2177.107,1,515984
2178.846,1,516644
2180.584,1,516208
2182.322,1,515886
2184.059,1,514693
2185.797,1,514848
2187.533,1,515073
2189.270,1,513933
2191.005,1,515198
2192.741,1,514374
2194.476,1,514316
2196.211,1,514122
2197.945,1,513185
2199.679,1,513128
2201.413,1,513910
2203.146,1,512226
2204.879,1,512276
2206.611,1,512454
2208.343,1,511358
2210.075,1,511098
2211.806,1,510612
2213.537,1,509379
2215.268,1,508068
2216.998,1,508884
2218.727,1,508829
2220.457,1,507117
2222.186,1,506844
2223.914,1,507375
2225.643,1,507079
2227.370,1,507009
2229.098,1,505913
2230.825,1,505928
2232.551,1,503896
2234.278,1,504327
2236.004,1,504019
2237.729,1,502876
2239.454,1,503150
2241.179,1,502668
2242.903,1,501130
2244.627,1,500617
2246.351,1,500439
2248.074,1,499428
2249.797,1,498689
2251.519,1,498801
2253.241,1,498315
2254.963,1,497533
2256.684,1,495677
2258.405,1,495862
2260.125,1,494797
2261.846,1,494089
2263.565,1,492989
2265.285,1,492313
2267.004,1,491111
2268.722,1,490225
2270.440,1,489431
2272.158,1,488792
2273.876,1,487859
2275.593,1,488088
2277.309,1,486549
2279.026,1,485867
2280.742,1,484959
2282.457,1,483890
2284.172,1,484116
2285.887,1,483334
2287.602,1,482057
2289.316,1,481742
2291.029,1,481128
2292.742,1,480680
2294.455,1,479673
2296.168,1,479463
2297.880,1,478356
2299.592,1,478830
2301.303,1,477855
2303.014,1,478193
2304.725,1,476406
2306.435,1,475720
2308.145,1,475543
2309.854,1,475852
2311.563,1,475508
2313.272,1,475335
2314.980,1,474322
2316.688,1,474090
2318.396,1,474003
2320.103,1,473462
2321.810,1,473145
2323.516,1,472467
2325.222,1,472004
2326.928,1,473321
2328.633,1,472238
2330.338,1,472030
2332.042,1,472058
2333.747,1,472135
2335.450,1,472458
2337.154,1,472355
2338.857,1,472546
2340.559,1,471283
2342.262,1,471052
2343.964,1,472172
2345.665,1,471038
2347.366,1,470803
2349.067,1,471512
2350.767,1,470535
2352.467,1,471389
2354.167,1,471958
2355.866,1,471872
2357.565,1,472099
2359.264,1,471707
2360.962,1,471991
2362.660,1,471566
2364.357,1,471382
2366.054,1,471539
2367.751,1,471461
2369.447,1,471434
2371.143,1,472002
2372.838,1,472423
2374.533,1,472608
2376.228,1,471967
2377.923,1,472470
2379.617,1,472625
2381.310,1,472073
2383.003,1,471790
2384.696,1,471056
2386.389,1,472670
2388.081,1,471976
2389.773,1,472791
2391.464,1,471249
2393.155,1,471618
2394.846,1,472106
2396.536,1,471419
2398.226,1,470762
2399.916,1,470549
2401.605,1,471370
2403.294,1,470563
2404.982,1,470694
2406.670,1,471202
2408.358,1,471448
2410.045,1,470951
2411.732,1,470589
2413.418,1,471214
2415.105,1,470721
2416.790,1,469669
2418.476,1,470256
2420.161,1,469484
2421.846,1,470049
2423.530,1,469284
2425.214,1,470280
2426.897,1,470250
2428.581,1,470495
2430.264,1,469196
2431.946,1,468915
2433.628,1,468786
2435.310,1,468735
2436.991,1,468410
2438.672,1,470372
2440.353,1,469076
2442.033,1,468236
2443.713,1,468043
2445.392,1,467271
2447.072,1,468373
2448.750,1,467776
2450.429,1,467583
2452.107,1,467386
2453.785,1,466673
2455.462,1,466458
2457.139,1,466599
2458.815,1,466295
2460.491,1,466525
2462.167,1,465804
2463.843,1,465932
2465.518,1,465857
2467.193,1,464978
2468.867,1,465391
2470.541,1,465057
2472.215,1,465225
2473.888,1,464723
2475.561,1,463472
2477.233,1,463732
2478.905,1,464499
2480.577,1,463151
2482.249,1,461963
2483.920,1,462309
2485.590,1,462593
2487.261,1,462147
2488.931,1,461952
2490.600,1,461250
2492.269,1,461254
2493.938,1,460502
2495.607,1,459626
2497.275,1,459810
2498.943,1,460191
2500.610,1,460067
2502.277,1,459969
2503.944,1,459887
2505.610,1,459372
2507.276,1,459128
2508.942,1,458710
2510.607,1,457958
2512.272,1,457981
2513.936,1,457459
2515.600,1,457217
2517.264,1,455900
2518.927,1,456189
2520.590,1,455177
2522.253,1,455583
2523.915,1,454780
2525.577,1,455279
2527.239,1,454493
2528.900,1,454515
2530.561,1,454530
2532.221,1,453984
2533.881,1,453538
2535.541,1,453447
2537.200,1,453695
2538.859,1,453031
2540.518,1,453708
2542.176,1,452837
2543.834,1,453503
2545.492,1,452815
2547.149,1,452714
2548.806,1,453536
2550.462,1,452916
2552.119,1,452888
2553.774,1,453128
2555.430,1,453653
2557.085,1,453017
2558.740,1,453857
2560.394,1,453993
2562.048,1,453901
2563.701,1,454348
2565.355,1,454277
2567.007,1,454151
2568.660,1,454017
2570.312,1,454909
2571.964,1,454711
2573.615,1,454049
2575.266,1,454216
2576.917,1,453879
2578.568,1,452688
2580.218,1,451926
2581.867,1,451589
2583.516,1,451361
2585.165,1,450709
2586.814,1,450373
2588.462,1,449917
2590.110,1,448716
2591.757,1,448294
2593.405,1,448444
2595.051,1,447968
2596.698,1,446920
2598.344,1,446300
2599.989,1,446851
2601.635,1,446305
2603.280,1,446361
2604.924,1,446111
2606.569,1,445718
2608.212,1,445169
2609.856,1,444991
2611.499,1,445318
2613.142,1,444207
2614.784,1,444653
2616.427,1,443614
2618.068,1,444010
2619.710,1,444204
2621.351,1,443397
2622.991,1,443707
2624.632,1,443494
2626.272,1,444274
2627.911,1,442923
2629.551,1,443047
2631.190,1,442228
2632.828,1,441240
2634.466,1,442441
2636.104,1,441430
2637.742,1,441354
2639.379,1,441103
2641.015,1,440719
2642.652,1,440694
2644.288,1,440511
2645.924,1,439946
2647.559,1,440213
2649.194,1,439775
2650.829,1,438851
2652.463,1,439431
2654.097,1,438786
2655.730,1,437616
2657.364,1,437603
2658.996,1,437459
2660.629,1,437404
2662.261,1,437016
2663.893,1,436599
2665.524,1,435433
2667.155,1,435877
2668.786,1,434435
2670.417,1,435489
2672.047,1,436169
2673.676,1,435533
2675.306,1,434651
2676.935,1,434791
2678.563,1,435233
2680.192,1,434697
2681.819,1,434252
2683.447,1,433363
2685.074,1,433409
2686.701,1,433847
2688.328,1,432860
2689.954,1,433270
2691.580,1,433148
2693.205,1,432645
2694.830,1,432163
2696.455,1,432173
2698.079,1,431572
2699.703,1,430956
2701.327,1,431235
2702.950,1,430734
2704.573,1,430452
2706.196,1,431220
2707.818,1,430922
2709.440,1,430467
2711.062,1,431306
2712.683,1,430544
2714.304,1,430044
2715.924,1,430025
2717.545,1,430682
2719.164,1,429096
