567.551,1,452921
567.615,1,449562
567.679,1,450177
567.742,1,451203
567.806,1,450666
567.870,1,450755
567.933,1,450397
567.997,1,450295
568.061,1,449589
568.125,1,450563
568.188,1,449626
568.252,1,449607
568.316,1,448970
568.379,1,450521
568.443,1,450572
568.507,1,452810
568.570,1,454404
568.634,1,455677
568.698,1,457068
568.762,1,457253
568.825,1,456968
568.889,1,456018
568.953,1,455714
569.016,1,453345
569.080,1,452919
569.144,1,453415
569.207,1,453508
569.271,1,454166
569.335,1,453776
569.398,1,454660
569.462,1,455636
569.526,1,456433
569.590,1,457152
569.653,1,457262
569.717,1,458344
569.781,1,460787
569.844,1,462083
569.908,1,462993
569.972,1,461879
570.035,1,463986
570.099,1,463552
570.163,1,464177
570.226,1,463688
570.290,1,463948
570.354,1,463891
570.417,1,463051
570.481,1,462435
570.545,1,462919
570.608,1,462681
570.672,1,462100
570.736,1,463939
570.799,1,461750
570.863,1,462413
570.927,1,461305
570.990,1,460519
571.054,1,459963
571.118,1,459619
571.181,1,458662
571.245,1,457533
571.309,1,457318
571.372,1,456668
571.436,1,454906
571.500,1,455314
571.563,1,454538
571.627,1,453058
571.691,1,452750
571.754,1,453088
571.818,1,452518
571.882,1,452636
571.945,1,451996
572.009,1,452790
572.073,1,450684
572.136,1,450901
572.200,1,450178
572.263,1,449680
572.327,1,449192
572.391,1,447750
572.454,1,447498
572.518,1,446876
572.582,1,444524
572.645,1,442970
572.709,1,443029
572.773,1,442254
572.836,1,442105
572.900,1,441058
572.964,1,441009
573.027,1,441935
573.091,1,441230
573.154,1,440906
573.218,1,440037
573.282,1,438639
573.345,1,437085
573.409,1,435056
573.473,1,433979
573.536,1,433230
573.600,1,432720
573.663,1,431400
573.727,1,431085
573.791,1,432596
573.854,1,431471
573.918,1,430751
573.982,1,431654
574.045,1,430959
574.109,1,431012
574.172,1,430559
574.236,1,431388
574.300,1,431304
574.363,1,431558
574.427,1,432167
574.491,1,433213
574.554,1,434157
574.618,1,436107
574.681,1,437248
574.745,1,438447
574.809,1,439893
574.872,1,440514
574.936,1,440233
574.999,1,441449
575.063,1,441771
575.127,1,442886
575.190,1,443134
575.254,1,443528
575.317,1,443426
575.381,1,443587
575.445,1,444691
575.508,1,444080
575.572,1,444080
575.635,1,445127
575.699,1,445750
575.763,1,446335
575.826,1,445677
575.890,1,445940
575.953,1,445463
576.017,1,445710
576.081,1,444341
576.144,1,444206
576.208,1,445082
576.271,1,445472
576.335,1,447470
576.399,1,448574
576.462,1,451378
576.526,1,452560
576.589,1,453162
576.653,1,452947
576.716,1,453340
576.780,1,452202
576.844,1,451428
576.907,1,449756
576.971,1,448294
577.034,1,448122
577.098,1,447338
577.161,1,446910
577.225,1,446765
577.289,1,444891
577.352,1,442983
577.416,1,441039
577.479,1,439243
577.543,1,437610
577.606,1,436110
577.670,1,433975
577.734,1,432986
577.797,1,433516
577.861,1,432740
577.924,1,432370
577.988,1,432528
578.051,1,432602
578.115,1,431912
578.179,1,433306
578.242,1,432406
578.306,1,432658
578.369,1,432488
578.433,1,433060
578.496,1,433721
578.560,1,433067
578.623,1,432974
578.687,1,433978
578.751,1,434905
578.814,1,434601
578.878,1,436219
578.941,1,436588
579.005,1,436856
579.068,1,437676
579.132,1,437188
579.195,1,437335
579.259,1,436881
579.322,1,436439
579.386,1,437064
579.450,1,436726
579.513,1,436577
579.577,1,435668
579.640,1,436736
579.704,1,436701
579.767,1,437518
579.831,1,437485
579.894,1,439439
579.958,1,438301
580.021,1,438815
580.085,1,440560
580.148,1,439781
580.212,1,440422
580.276,1,439540
580.339,1,440430
580.403,1,441092
580.466,1,440242
580.530,1,441821
580.593,1,441352
580.657,1,442303
580.720,1,442137
580.784,1,443951
580.847,1,443945
580.911,1,444546
580.974,1,445144
581.038,1,445408
581.101,1,446625
581.165,1,448165
581.228,1,449587
581.292,1,450193
581.355,1,451897
581.419,1,451630
581.482,1,452043
581.546,1,454210
581.609,1,455379
581.673,1,456963
581.736,1,458755
581.800,1,460770
581.863,1,463950
581.927,1,465344
581.990,1,466746
582.054,1,466561
582.117,1,467290
582.181,1,468833
582.244,1,469486
582.308,1,471324
582.371,1,471758
582.435,1,472072
582.498,1,472714
582.562,1,474122
582.625,1,474882
582.689,1,474760
582.752,1,475556
582.816,1,475254
582.879,1,479047
582.943,1,480368
583.006,1,481603
583.070,1,482324
583.133,1,484715
583.197,1,485389
583.260,1,486939
583.324,1,488711
583.387,1,489450
583.451,1,489678
583.514,1,490105
583.578,1,489887
583.641,1,489023
583.705,1,486771
583.768,1,484159
583.832,1,481662
583.895,1,479261
583.959,1,475499
584.022,1,473083
584.086,1,470749
584.149,1,467789
584.213,1,465659
584.276,1,463656
584.339,1,461873
584.403,1,459786
584.466,1,456838
584.530,1,454498
584.593,1,453156
584.657,1,450208
584.720,1,448656
584.784,1,446840
584.847,1,444967
584.911,1,442871
584.974,1,441494
585.038,1,439703
585.101,1,438829
585.165,1,438815
585.228,1,437321
585.291,1,436298
585.355,1,435859
585.418,1,434353
585.482,1,434293
585.545,1,432873
585.609,1,431592
585.672,1,430797
585.736,1,429381
585.799,1,429529
585.862,1,428086
585.926,1,427925
585.989,1,426879
586.053,1,426875
586.116,1,425883
586.180,1,426404
586.243,1,425097
586.307,1,425374
586.370,1,423454
586.433,1,423920
586.497,1,423056
586.560,1,422231
586.624,1,422070
586.687,1,420979
586.751,1,420570
586.814,1,420857
586.878,1,420802
586.941,1,419807
587.004,1,420296
587.068,1,419883
587.131,1,418919
587.195,1,418136
587.258,1,418076
587.322,1,416709
587.385,1,415246
587.448,1,415557
587.512,1,415085
587.575,1,414797
587.639,1,413973
587.702,1,413823
587.765,1,412600
587.829,1,411298
587.892,1,412119
587.956,1,412317
588.019,1,412291
588.083,1,411279
588.146,1,411295
588.209,1,410189
588.273,1,410604
588.336,1,410741
588.400,1,409570
588.463,1,409522
588.526,1,410109
588.590,1,409741
588.653,1,408994
588.717,1,408890
588.780,1,409328
588.843,1,408926
588.907,1,409017
588.970,1,408629
589.034,1,409573
589.097,1,409071
589.160,1,409352
589.224,1,408805
589.287,1,408581
589.351,1,408846
589.414,1,409427
589.477,1,408695
589.541,1,407605
589.604,1,408321
589.668,1,408872
589.731,1,408951
589.794,1,409123
589.858,1,408613
589.921,1,409550
589.985,1,409135
590.048,1,410492
590.111,1,409596
590.175,1,408932
590.238,1,410272
590.302,1,410148
590.365,1,410298
590.428,1,410112
590.492,1,410092
590.555,1,410046
590.618,1,410731
590.682,1,410639
590.745,1,410134
590.809,1,410646
590.872,1,410950
590.935,1,411853
590.999,1,410791
591.062,1,411353
591.125,1,410856
591.189,1,411313
591.252,1,410364
591.316,1,411383
591.379,1,410500
591.442,1,409970
591.506,1,410552
591.569,1,410462
591.632,1,410268
591.696,1,410386
591.759,1,409546
591.822,1,410532
591.886,1,409872
591.949,1,410196
592.013,1,410397
592.076,1,410872
592.139,1,411700
592.203,1,410133
592.266,1,410568
592.329,1,410649
592.393,1,410464
592.456,1,410174
592.519,1,410020
592.583,1,409803
592.646,1,409632
592.709,1,409971
592.773,1,410020
592.836,1,410537
592.899,1,411450
592.963,1,410651
593.026,1,410657
593.089,1,410371
593.153,1,411365
593.216,1,410113
593.279,1,410333
593.343,1,410533
593.406,1,410438
593.469,1,410745
593.533,1,411220
593.596,1,411206
593.659,1,410206
593.723,1,410886
593.786,1,412510
593.849,1,411651
593.913,1,411736
593.976,1,411639
594.039,1,411633
594.103,1,411396
594.166,1,411700
594.229,1,411311
594.293,1,412155
594.356,1,412908
594.419,1,412686
594.483,1,412306
594.546,1,412679
594.609,1,412600
594.673,1,413767
594.736,1,413623
594.799,1,413693
594.863,1,413643
594.926,1,412643
594.989,1,413019
595.053,1,413020
595.116,1,413390
595.179,1,413818
595.243,1,412245
595.306,1,413563
595.369,1,412930
595.432,1,413289
595.496,1,413669
595.559,1,413001
595.622,1,413356
595.686,1,414094
595.749,1,413645
595.812,1,413720
595.876,1,414246
595.939,1,413569
596.002,1,413569
596.065,1,413843
596.129,1,412971
596.192,1,413373
596.255,1,414070
596.319,1,413267
596.382,1,412659
596.445,1,412017
596.509,1,413536
596.572,1,412483
596.635,1,412386
596.698,1,412086
596.762,1,412125
596.825,1,412061
596.888,1,411893
596.952,1,411551
597.015,1,411452
597.078,1,411103
597.141,1,411186
597.205,1,411108
597.268,1,410482
597.331,1,409682
597.395,1,410477
597.458,1,409470
597.521,1,409996
597.584,1,408951
597.648,1,409133
597.711,1,409309
597.774,1,408989
597.837,1,408220
597.901,1,408398
597.964,1,407587
598.027,1,406759
598.091,1,407395
598.154,1,406834
598.217,1,406958
598.280,1,406839
598.344,1,406833
598.407,1,406405
598.470,1,406268
598.533,1,406282
598.597,1,406302
598.660,1,406341
598.723,1,406226
598.786,1,405792
598.850,1,405248
598.913,1,405221
598.976,1,405029
599.039,1,405078
599.103,1,404769
599.166,1,404111
599.229,1,404107
599.292,1,403976
599.356,1,404311
599.419,1,403338
599.482,1,404130
599.545,1,404307
599.609,1,403341
599.672,1,403180
599.735,1,402557
599.798,1,402891
599.862,1,402813
599.925,1,402031
599.988,1,401943
600.051,1,401719
600.115,1,401796
600.178,1,401473
600.241,1,401579
600.304,1,400987
600.368,1,401367
600.431,1,401565
600.494,1,400372
600.557,1,400532
600.620,1,400024
600.684,1,400099
600.747,1,399245
600.810,1,399643
600.873,1,399717
600.937,1,398700
601.000,1,398882
601.063,1,398362
601.126,1,398429
601.190,1,398120
601.253,1,398164
601.316,1,398907
601.379,1,398550
601.442,1,397906
601.506,1,398880
601.569,1,398327
601.632,1,398979
601.695,1,398384
601.758,1,398737
601.822,1,398386
601.885,1,398528
601.948,1,399629
602.011,1,398595
602.075,1,398829
602.138,1,398192
602.201,1,399068
602.264,1,400043
602.327,1,399902
602.391,1,399261
602.454,1,399595
602.517,1,399747
602.580,1,398595
602.643,1,399740
602.707,1,399553
602.770,1,399453
602.833,1,399268
602.896,1,399362
602.959,1,399394
603.023,1,399140
603.086,1,399000
603.149,1,399415
603.212,1,398804
603.275,1,208146
603.339,1,397055
603.402,1,397559
603.465,1,397502
603.528,1,397831
603.591,1,396690
603.654,1,396435
603.718,1,397041
603.781,1,396925
603.844,1,396241
603.907,1,396290
603.970,1,396126
604.034,1,396214
604.097,1,395991
604.160,1,395344
604.223,1,394599
604.286,1,394820
604.349,1,394689
604.413,1,394460
604.476,1,394245
604.539,1,393147
604.602,1,393505
604.665,1,393597
604.729,1,392838
604.792,1,392273
604.855,1,392768
604.918,1,391726
604.981,1,392314
605.044,1,392324
605.108,1,391335
605.171,1,391337
605.234,1,391180
605.297,1,391380
605.360,1,391502
605.423,1,391121
605.486,1,391280
605.550,1,390183
605.613,1,391245
605.676,1,390950
605.739,1,390340
605.802,1,390209
605.865,1,389602
605.929,1,390598
605.992,1,389715
606.055,1,389495
606.118,1,388810
606.181,1,388901
606.244,1,388565
606.307,1,389465
606.371,1,388008
606.434,1,388056
606.497,1,387402
606.560,1,387624
606.623,1,387289
606.686,1,386225
606.749,1,386815
606.813,1,386663
606.876,1,386178
606.939,1,386058
607.002,1,385722
607.065,1,385175
607.128,1,384999
607.191,1,384075
607.255,1,383970
607.318,1,384285
607.381,1,383811
607.444,1,383054
607.507,1,383326
607.570,1,382946
607.633,1,382350
607.696,1,382717
607.760,1,381241
607.823,1,382244
607.886,1,380910
607.949,1,381688
608.012,1,381103
608.075,1,380948
608.138,1,380561
608.201,1,380798
608.265,1,379157
608.328,1,378448
608.391,1,379396
608.454,1,379379
608.517,1,379286
608.580,1,378636
608.643,1,377626
608.706,1,378081
608.770,1,378327
608.833,1,378082
608.896,1,377175
608.959,1,376302
609.022,1,375778
609.085,1,375726
609.148,1,374792
609.211,1,374822
609.274,1,374675
609.337,1,374547
609.401,1,374039
609.464,1,373617
609.527,1,373249
609.590,1,373371
609.653,1,372278
609.716,1,372067
609.779,1,371001
609.842,1,371592
609.905,1,371106
609.968,1,369943
610.032,1,370024
610.095,1,369674
610.158,1,369357
610.221,1,368150
610.284,1,368309
610.347,1,367266
610.410,1,367019
610.473,1,365703
610.536,1,364985
610.599,1,366023
610.662,1,364502
610.726,1,364505
610.789,1,363911
610.852,1,363227
610.915,1,362762
610.978,1,362063
611.041,1,362106
611.104,1,360426
611.167,1,360040
611.230,1,359775
611.293,1,359527
611.356,1,358445
611.419,1,358087
611.482,1,358024
611.545,1,357599
611.609,1,356410
611.672,1,355999
611.735,1,355326
611.798,1,355853
611.861,1,354162
611.924,1,354759
611.987,1,353630
612.050,1,354255
612.113,1,353117
612.176,1,352126
612.239,1,351921
612.302,1,351405
612.365,1,350506
612.428,1,350163
612.491,1,350387
612.554,1,349915
612.618,1,347973
612.681,1,348509
612.744,1,348609
612.807,1,348636
612.870,1,348349
612.933,1,347934
612.996,1,347769
613.059,1,347848
613.122,1,346874
613.185,1,346839
613.248,1,346243
613.311,1,346577
613.374,1,346548
613.437,1,346101
613.500,1,346051
613.563,1,345822
613.626,1,344948
613.689,1,345038
613.752,1,344732
613.815,1,344914
613.878,1,344992
613.941,1,344413
614.005,1,345211
614.068,1,344765
614.131,1,343698
614.194,1,344546
614.257,1,344201
614.320,1,344180
614.383,1,343762
614.446,1,343544
614.509,1,343588
614.572,1,343419
614.635,1,342965
614.698,1,343264
614.761,1,342139
614.824,1,343196
614.887,1,342550
614.950,1,342632
615.013,1,342285
615.076,1,341609
615.139,1,342017
615.202,1,341333
615.265,1,341744
615.328,1,341171
615.391,1,341088
615.454,1,340458
615.517,1,340690
615.580,1,339862
615.643,1,339664
615.706,1,339976
615.769,1,339632
615.832,1,339478
615.895,1,339623
615.958,1,339174
616.021,1,339615
616.084,1,338271
616.147,1,337548
616.210,1,337000
616.273,1,337745
616.336,1,336809
616.399,1,336942
616.462,1,337266
616.525,1,336841
616.588,1,336796
616.651,1,336634
616.714,1,336093
616.777,1,336565
616.840,1,336598
616.903,1,335892
616.966,1,335597
617.029,1,334123
617.092,1,333787
617.155,1,332784
617.218,1,332103
617.281,1,330580
617.344,1,330038
617.407,1,328598
617.470,1,327937
617.533,1,327527
617.596,1,326323
617.659,1,325975
617.722,1,324516
617.785,1,323615
617.848,1,323327
617.911,1,322253
617.974,1,321672
618.037,1,321190
618.100,1,320375
618.163,1,320064
618.226,1,320226
618.289,1,319840
618.352,1,319588
618.415,1,319636
618.478,1,319416
618.541,1,319695
618.604,1,319315
618.666,1,319380
618.729,1,319402
618.792,1,319529
618.855,1,320923
618.918,1,320460
618.981,1,321496
619.044,1,324215
619.107,1,324141
619.170,1,324105
619.233,1,325709
619.296,1,326220
619.359,1,327094
619.422,1,327985
619.485,1,329234
619.548,1,330115
619.611,1,331577
619.674,1,333061
619.737,1,333861
619.800,1,334905
619.863,1,336997
619.926,1,337376
619.989,1,338952
620.051,1,340643
620.114,1,341983
620.177,1,342786
620.240,1,343190
620.303,1,344876
620.366,1,346112
620.429,1,346890
620.492,1,347768
620.555,1,348444
620.618,1,349787
620.681,1,350716
620.744,1,351346
620.807,1,351830
620.870,1,352583
620.933,1,353096
620.996,1,353400
621.058,1,354277
621.121,1,354319
621.184,1,355341
621.247,1,355443
621.310,1,356408
621.373,1,356463
621.436,1,356639
621.499,1,357027
621.562,1,357496
621.625,1,358286
621.688,1,357588
621.751,1,358769
621.814,1,358373
621.876,1,359299
621.939,1,358951
622.002,1,358539
622.065,1,358845
622.128,1,359519
622.191,1,359680
622.254,1,359765
622.317,1,360143
622.380,1,359766
622.443,1,360185
622.506,1,360036
622.569,1,360361
622.631,1,359868
622.694,1,358934
622.757,1,359584
622.820,1,359336
622.883,1,359185
622.946,1,358190
623.009,1,359560
623.072,1,358882
623.135,1,358559
623.198,1,358782
623.260,1,358250
623.323,1,358807
623.386,1,358204
623.449,1,358581
623.512,1,357977
623.575,1,357346
623.638,1,357404
623.701,1,357139
623.764,1,357004
623.826,1,356208
623.889,1,356110
623.952,1,356209
624.015,1,356298
624.078,1,355677
624.141,1,355458
624.204,1,355804
624.267,1,355631
624.330,1,355893
624.392,1,354423
624.455,1,354909
624.518,1,354134
624.581,1,354739
624.644,1,354418
624.707,1,353610
624.770,1,354183
624.833,1,354217
624.895,1,354086
624.958,1,354023
625.021,1,353091
625.084,1,352736
625.147,1,352539
625.210,1,353127
625.273,1,352485
625.336,1,353513
625.398,1,352647
625.461,1,352118
625.524,1,352509
625.587,1,352380
625.650,1,351970
625.713,1,352328
625.776,1,352146
625.838,1,352842
625.901,1,352623
625.964,1,352992
626.027,1,353037
626.090,1,353680
626.153,1,353172
626.216,1,353864
626.278,1,353891
626.341,1,353842
626.404,1,354191
626.467,1,354444
626.530,1,354597
626.593,1,354695
626.656,1,355334
626.718,1,355353
626.781,1,356106
626.844,1,356322
626.907,1,356820
626.970,1,357289
627.033,1,357534
627.095,1,358682
627.158,1,358984
627.221,1,360195
627.284,1,360899
627.347,1,361819
627.410,1,363596
627.472,1,364785
627.535,1,367301
627.598,1,367592
627.661,1,369656
627.724,1,371791
627.787,1,374294
627.849,1,376400
627.912,1,379765
627.975,1,383169
628.038,1,384920
628.101,1,387092
628.164,1,388176
628.226,1,388758
628.289,1,388753
628.352,1,389427
628.415,1,389449
628.478,1,389916
628.541,1,389542
628.603,1,389210
628.666,1,390446
628.729,1,391884
628.792,1,390624
628.855,1,392534
628.917,1,393639
628.980,1,394566
629.043,1,396808
629.106,1,396355
629.169,1,397874
629.231,1,400391
629.294,1,401871
629.357,1,402935
629.420,1,404926
629.483,1,407140
629.545,1,407910
629.608,1,411412
629.671,1,413229
629.734,1,416219
629.797,1,418564
629.860,1,422368
629.922,1,425940
629.985,1,428320
630.048,1,431434
630.111,1,434145
630.173,1,436788
630.236,1,439340
630.299,1,441754
630.362,1,442913
630.425,1,444107
630.487,1,444982
630.550,1,446194
630.613,1,446824
630.676,1,447520
630.739,1,447476
630.801,1,447824
630.864,1,446369
630.927,1,444913
630.990,1,442450
631.053,1,441701
631.115,1,438271
631.178,1,436157
631.241,1,434014
631.304,1,432467
631.366,1,429913
631.429,1,428272
631.492,1,426943
631.555,1,425073
631.618,1,423900
631.680,1,422288
631.743,1,421999
631.806,1,420780
631.869,1,419638
631.931,1,418867
631.994,1,418249
632.057,1,417098
632.120,1,415370
632.182,1,414938
632.245,1,413938
632.308,1,413413
632.371,1,412926
632.434,1,412483
632.496,1,411374
632.559,1,411905
632.622,1,409961
632.685,1,409020
632.747,1,409307
632.810,1,408026
632.873,1,408252
632.936,1,406921
632.998,1,406480
633.061,1,405137
633.124,1,404468
633.187,1,404187
633.249,1,403141
633.312,1,404504
633.375,1,403086
633.438,1,402493
633.500,1,403352
633.563,1,402006
633.626,1,401674
633.689,1,402302
633.751,1,402508
633.814,1,402406
633.877,1,402374
633.940,1,402238
634.002,1,402243
634.065,1,403200
634.128,1,404631
634.190,1,403993
634.253,1,405477
634.316,1,405417
634.379,1,406306
634.441,1,407210
634.504,1,407718
634.567,1,409455
634.630,1,409997
634.692,1,410625
634.755,1,411210
634.818,1,412877
634.880,1,413834
634.943,1,414889
635.006,1,415399
635.069,1,416399
635.131,1,417440
635.194,1,419115
635.257,1,420210
635.320,1,421827
635.382,1,423314
635.445,1,424266
635.508,1,425995
635.570,1,427594
635.633,1,429345
635.696,1,429841
635.759,1,431612
635.821,1,432360
635.884,1,433012
635.947,1,435352
636.009,1,434857
636.072,1,435795
636.135,1,437277
636.198,1,438061
636.260,1,438314
636.323,1,439942
636.386,1,441130
636.448,1,442332
636.511,1,443961
636.574,1,445254
636.636,1,447099
636.699,1,448403
636.762,1,450855
636.825,1,452922
636.887,1,454212
636.950,1,456666
637.013,1,458525
637.075,1,460994
637.138,1,463565
637.201,1,466109
637.263,1,468034
637.326,1,470236
637.389,1,473418
637.451,1,476401
637.514,1,477008
637.577,1,481083
637.640,1,482991
637.702,1,485874
637.765,1,488889
637.828,1,490517
637.890,1,494039
637.953,1,496739
638.016,1,499748
638.078,1,502083
638.141,1,505098
638.204,1,507577
638.266,1,510331
638.329,1,513877
638.392,1,517197
638.454,1,519433
638.517,1,522329
638.580,1,525246
638.642,1,528840
638.705,1,532836
638.768,1,536053
638.830,1,539389
638.893,1,543291
638.956,1,545899
639.018,1,549566
639.081,1,553030
639.144,1,555813
639.206,1,558936
639.269,1,562197
639.332,1,566108
639.394,1,568129
639.457,1,571728
639.520,1,575418
639.582,1,577494
639.645,1,581183
639.708,1,584712
639.770,1,587107
639.833,1,589870
639.896,1,592146
639.958,1,593674
640.021,1,597335
640.083,1,599921
640.146,1,603470
640.209,1,606536
640.271,1,608532
640.334,1,611408
640.397,1,615263
640.459,1,616433
640.522,1,619568
640.585,1,622668
640.647,1,625442
640.710,1,627941
640.773,1,629703
640.835,1,632637
640.898,1,635664
640.960,1,637607
641.023,1,640383
641.086,1,642654
641.148,1,645414
641.211,1,647219
641.274,1,649486
641.336,1,651352
641.399,1,654216
641.462,1,656121
641.524,1,659023
641.587,1,659428
641.649,1,660576
641.712,1,663199
641.775,1,663376
641.837,1,666515
641.900,1,667094
641.963,1,668306
642.025,1,669517
642.088,1,670096
642.150,1,671744
642.213,1,671244
642.276,1,672652
642.338,1,674703
642.401,1,674331
642.463,1,676336
642.526,1,678267
642.589,1,679038
642.651,1,678709
642.714,1,680114
642.776,1,681531
642.839,1,681061
642.902,1,680074
642.964,1,682271
643.027,1,681932
643.090,1,682514
643.152,1,681682
643.215,1,682523
643.277,1,681913
643.340,1,682502
643.403,1,682645
643.465,1,682788
643.528,1,682836
643.590,1,681899
643.653,1,681714
643.716,1,681487
643.778,1,681333
643.841,1,683514
643.903,1,682211
643.966,1,683367
644.028,1,683303
644.091,1,682460
644.154,1,682889
644.216,1,682826
644.279,1,684150
644.341,1,682930
644.404,1,683783
644.467,1,682933
644.529,1,683534
644.592,1,681974
644.654,1,682584
644.717,1,681731
644.779,1,681311
644.842,1,683049
644.905,1,681273
644.967,1,680520
645.030,1,680059
645.092,1,680693
645.155,1,679988
645.217,1,679911
645.280,1,679068
645.343,1,680508
645.405,1,680656
645.468,1,681836
645.530,1,681493
645.593,1,681028
645.655,1,681275
645.718,1,683189
645.781,1,683441
645.843,1,683945
645.906,1,684497
645.968,1,684324
646.031,1,684334
646.093,1,684779
646.156,1,684707
646.219,1,683880
646.281,1,684154
646.344,1,683402
646.406,1,683708
646.469,1,683220
646.531,1,683171
646.594,1,684265
646.656,1,683584
646.719,1,682544
646.782,1,682652
646.844,1,682782
646.907,1,682623
646.969,1,683338
647.032,1,683192
647.094,1,683999
647.157,1,684184
647.219,1,683654
647.282,1,685249
647.344,1,684421
647.407,1,683880
647.469,1,683994
647.532,1,685327
647.595,1,687080
647.657,1,686562
647.720,1,687218
647.782,1,687959
647.845,1,687799
647.907,1,687847
647.970,1,688223
648.032,1,690079
648.095,1,689439
648.157,1,690457
648.220,1,689830
648.282,1,690445
648.345,1,689542
648.407,1,690983
648.470,1,691758
648.533,1,691241
648.595,1,692407
648.658,1,691373
648.720,1,691902
648.783,1,692580
648.845,1,690265
648.908,1,693468
648.970,1,690897
649.033,1,691972
649.095,1,691885
649.158,1,691716
649.220,1,692416
649.283,1,691336
649.345,1,689652
649.408,1,689230
649.470,1,689540
649.533,1,687703
649.595,1,688360
649.658,1,686244
649.720,1,685615
649.783,1,684159
649.845,1,683569
649.908,1,683466
649.970,1,682056
650.033,1,682352
650.095,1,679294
650.158,1,680676
650.220,1,680674
650.283,1,679757
650.345,1,678617
650.408,1,677908
650.470,1,677519
650.533,1,676093
650.595,1,675547
650.658,1,673863
650.720,1,673600
650.783,1,672208
650.845,1,670080
650.908,1,668659
650.970,1,667106
651.033,1,666039
651.095,1,663049
651.158,1,662031
651.220,1,660371
651.283,1,657828
651.345,1,655214
651.408,1,653977
651.470,1,652463
651.533,1,650612
651.595,1,649874
651.657,1,647945
651.720,1,646933
651.782,1,644202
651.845,1,642365
651.907,1,639594
651.970,1,638303
652.032,1,635139
