184.081,1,490558
186.293,1,483283
188.506,1,478883
190.717,1,475143
192.928,1,469664
195.138,1,466053
197.348,1,461077
199.557,1,455986
201.766,1,451349
203.974,1,446851
206.182,1,441426
208.389,1,435713
210.595,1,431427
212.801,1,427262
215.007,1,422891
217.211,1,419674
219.416,1,414786
221.619,1,410244
223.823,1,405948
226.025,1,401403
228.227,1,397828
230.429,1,392794
232.630,1,388858
234.830,1,385419
237.030,1,382445
239.229,1,378948
241.428,1,375386
243.626,1,372159
245.824,1,369391
248.021,1,366128
250.217,1,362341
252.413,1,359153
254.609,1,356591
256.804,1,354082
258.998,1,351545
261.192,1,349275
263.385,1,346789
265.578,1,343575
267.770,1,341569
269.961,1,339934
272.152,1,336522
274.343,1,336116
276.533,1,332555
278.722,1,329572
280.911,1,326997
283.099,1,325250
285.287,1,323033
287.474,1,319974
289.661,1,316939
291.847,1,314975
294.032,1,313491
296.217,1,311617
298.402,1,309238
300.586,1,307691
302.769,1,305562
304.952,1,303743
307.134,1,302441
309.316,1,301186
311.497,1,299832
313.677,1,297910
315.857,1,296655
318.037,1,294419
320.216,1,293816
322.394,1,291819
324.572,1,291230
326.750,1,290466
328.926,1,289912
331.103,1,288557
333.278,1,287818
335.454,1,287235
337.628,1,286681
339.802,1,284928
341.976,1,285296
344.149,1,284432
346.321,1,284701
348.493,1,283724
350.665,1,283505
352.835,1,283787
355.006,1,282743
357.175,1,283455
359.345,1,282087
361.513,1,282244
363.681,1,281829
365.849,1,281566
368.016,1,281206
370.182,1,280775
372.348,1,280903
374.514,1,280638
376.679,1,280293
378.843,1,279603
381.007,1,279630
383.170,1,279640
385.333,1,279776
387.495,1,279525
389.657,1,280121
391.818,1,279778
393.978,1,280055
396.138,1,280312
398.298,1,281296
400.457,1,281635
402.615,1,282284
404.773,1,283407
406.930,1,284009
409.087,1,284578
411.244,1,285691
413.399,1,286141
415.554,1,286627
417.709,1,286636
419.863,1,287773
422.017,1,288551
424.170,1,288633
426.322,1,290073
428.474,1,291218
430.626,1,291015
432.777,1,290604
434.927,1,291201
437.077,1,292062
439.226,1,292435
441.375,1,292135
443.523,1,292753
445.671,1,292575
447.818,1,293182
449.965,1,293513
452.111,1,292909
454.257,1,294055
456.402,1,294386
458.546,1,293371
460.690,1,293659
462.834,1,293867
464.976,1,294256
467.119,1,294002
469.261,1,294448
471.402,1,294040
473.543,1,294523
475.683,1,294046
477.823,1,294396
479.962,1,294744
482.101,1,295069
484.239,1,295270
486.376,1,295701
488.513,1,295396
490.650,1,295880
492.786,1,297069
494.922,1,297421
497.057,1,297948
499.191,1,299800
501.325,1,300199
503.458,1,302158
505.591,1,304503
507.723,1,307562
509.855,1,310607
511.987,1,313748
514.117,1,318810
516.247,1,322053
518.377,1,323986
520.506,1,323563
522.635,1,320307
524.763,1,318531
526.891,1,317915
529.018,1,315921
531.144,1,314451
533.270,1,313412
535.396,1,311559
537.521,1,311303
539.645,1,310129
541.769,1,309091
543.892,1,308368
546.015,1,308226
548.138,1,307973
550.259,1,307368
552.381,1,307403
554.502,1,306943
556.622,1,306533
558.741,1,307063
560.861,1,306548
562.979,1,307299
565.097,1,307182
567.215,1,307523
569.332,1,308093
571.449,1,307292
573.565,1,308143
575.680,1,307716
577.795,1,308266
579.910,1,308556
582.024,1,308280
584.137,1,308136
586.250,1,308702
588.363,1,309382
590.475,1,308042
592.586,1,307931
594.697,1,307735
596.807,1,308240
598.917,1,308270
601.026,1,308951
603.135,1,309285
605.243,1,309185
607.351,1,308536
609.458,1,309430
611.565,1,308596
613.671,1,309647
615.777,1,309757
617.882,1,309369
619.987,1,310664
622.091,1,310931
624.194,1,311484
626.297,1,312956
628.400,1,314939
630.502,1,314060
632.604,1,313233
634.705,1,313432
636.805,1,313451
638.905,1,314337
641.005,1,314793
643.104,1,315967
645.202,1,316956
647.300,1,318025
649.397,1,320405
651.494,1,320682
653.591,1,322150
655.686,1,322897
657.782,1,324642
659.877,1,325414
661.971,1,327136
664.065,1,328619
666.158,1,329562
668.251,1,331199
670.343,1,331673
672.435,1,332109
674.526,1,333039
676.617,1,332312
678.707,1,332711
680.797,1,332281
682.886,1,333057
684.975,1,333069
687.063,1,332045
689.151,1,331862
691.238,1,332004
693.324,1,331617
695.410,1,331976
697.496,1,331544
699.581,1,330449
701.666,1,332322
703.750,1,332343
705.833,1,331720
707.917,1,332609
709.999,1,331893
712.081,1,332387
714.163,1,332397
716.244,1,332861
718.324,1,332051
720.404,1,332318
722.484,1,331639
724.563,1,332050
726.641,1,332801
728.719,1,332411
730.797,1,332547
732.874,1,333331
734.950,1,333192
737.026,1,332769
739.102,1,332649
741.177,1,333398
743.251,1,332524
745.325,1,333309
747.398,1,332947
749.471,1,332123
751.544,1,333103
753.616,1,332328
755.687,1,331674
757.758,1,331634
759.828,1,332187
761.898,1,331442
763.968,1,331958
766.036,1,331594
768.105,1,331418
770.173,1,331697
772.240,1,331295
774.307,1,331127
776.373,1,331602
778.439,1,332461
780.504,1,332352
782.569,1,332162
784.634,1,333127
786.697,1,334987
788.761,1,336097
790.824,1,338279
792.886,1,338347
794.948,1,338325
797.009,1,338199
799.070,1,337711
801.130,1,337632
803.190,1,337592
805.249,1,338198
807.308,1,337803
809.367,1,338548
811.424,1,338491
813.482,1,338001
815.539,1,338010
817.595,1,337898
819.651,1,337794
821.706,1,339162
823.761,1,338857
825.815,1,339324
827.869,1,340075
829.922,1,341081
831.975,1,341329
834.028,1,342471
836.079,1,342662
838.131,1,343384
840.182,1,343590
842.232,1,344364
844.282,1,344986
846.331,1,346352
848.380,1,346317
850.428,1,347252
852.476,1,346726
854.524,1,348155
856.570,1,348010
858.617,1,349512
860.663,1,349439
862.708,1,347842
864.753,1,349369
866.797,1,350068
868.841,1,349447
870.885,1,349479
872.928,1,350985
874.970,1,352025
877.012,1,355029
879.053,1,356692
881.094,1,359424
883.135,1,361011
885.175,1,363079
887.214,1,364600
889.253,1,363027
891.291,1,362789
893.329,1,361921
895.367,1,361365
897.404,1,360139
899.440,1,360425
901.476,1,360409
903.512,1,360041
905.547,1,359723
907.581,1,358697
909.615,1,359628
911.649,1,359407
913.682,1,360044
915.714,1,360852
917.746,1,361406
919.778,1,361737
921.809,1,362974
923.840,1,363125
925.870,1,363346
927.899,1,363322
929.928,1,362584
931.957,1,361988
933.985,1,361050
936.013,1,361184
938.040,1,360093
940.067,1,360472
942.093,1,360666
944.119,1,360840
946.144,1,359695
948.168,1,359671
950.193,1,359403
952.216,1,359534
954.240,1,359773
956.262,1,360053
958.285,1,359988
960.306,1,360597
962.328,1,361391
964.349,1,361775
966.369,1,362390
968.389,1,362500
970.408,1,363039
972.427,1,362932
974.445,1,362835
976.463,1,362585
978.481,1,363239
980.498,1,361746
982.514,1,363074
984.530,1,362950
986.545,1,363414
988.560,1,362871
990.575,1,363617
992.589,1,363725
994.602,1,365187
996.615,1,366049
998.628,1,365352
1000.640,1,366019
1002.652,1,367762
1004.663,1,371132
1006.673,1,376962
1008.684,1,384935
1010.693,1,384179
1012.702,1,378021
1014.711,1,372444
1016.719,1,371116
1018.727,1,370044
1020.734,1,371419
1022.741,1,371535
1024.747,1,372492
1026.753,1,374012
1028.758,1,375125
1030.763,1,376354
1032.768,1,377716
1034.772,1,378832
1036.775,1,379326
1038.778,1,378838
1040.780,1,376982
1042.782,1,375932
1044.784,1,375220
1046.785,1,375284
1048.785,1,374783
1050.785,1,375157
1052.785,1,374035
1054.784,1,373755
1056.782,1,373449
1058.781,1,373229
1060.778,1,373996
1062.775,1,374727
1064.772,1,376328
1066.768,1,377050
1068.764,1,377670
1070.759,1,380846
1072.754,1,382198
1074.748,1,384465
1076.742,1,386566
1078.735,1,388194
1080.728,1,390123
1082.721,1,390804
1084.713,1,391678
1086.704,1,390871
1088.695,1,389598
1090.686,1,387371
1092.676,1,386102
1094.665,1,383858
1096.654,1,383242
1098.643,1,382005
1100.631,1,383069
1102.618,1,381228
1104.606,1,380994
1106.592,1,381821
1108.578,1,381837
1110.564,1,382061
1112.549,1,382611
1114.534,1,382290
1116.519,1,381871
1118.502,1,381593
1120.486,1,381614
1122.469,1,382254
1124.451,1,383208
1126.433,1,383282
1128.414,1,384790
1130.395,1,385618
1132.376,1,385238
1134.356,1,386067
1136.336,1,384834
1138.315,1,383905
1140.293,1,382718
1142.271,1,382519
1144.249,1,381775
1146.226,1,381972
1148.203,1,381830
1150.179,1,383439
1152.155,1,384246
1154.131,1,384210
1156.105,1,384086
1158.080,1,386674
1160.054,1,387073
1162.027,1,387745
1164.000,1,387917
1165.973,1,387941
1167.945,1,387773
1169.916,1,387552
1171.887,1,385935
1173.858,1,387655
1175.828,1,387396
1177.798,1,388230
1179.767,1,390106
1181.736,1,391235
1183.704,1,392063
1185.672,1,392582
1187.639,1,392457
1189.606,1,391523
1191.573,1,391984
1193.539,1,390735
1195.504,1,390309
1197.469,1,389658
1199.434,1,389766
1201.398,1,389429
1203.361,1,389895
1205.325,1,389873
1207.287,1,391332
1209.249,1,392333
1211.211,1,393835
1213.173,1,395163
1215.133,1,395883
1217.094,1,395771
1219.054,1,394580
1221.013,1,393447
1222.972,1,392886
1224.931,1,392925
1226.889,1,393876
1228.846,1,394706
1230.803,1,395765
1232.760,1,397282
1234.716,1,398395
1236.672,1,399706
1238.627,1,401191
1240.582,1,402342
1242.536,1,403329
1244.490,1,404616
1246.443,1,406134
1248.396,1,407138
1250.349,1,407026
1252.301,1,408530
1254.252,1,409301
1256.203,1,409495
1258.154,1,410555
1260.104,1,409810
1262.054,1,411274
1264.003,1,411121
1265.952,1,411963
1267.900,1,411928
1269.848,1,413014
1271.796,1,413000
1273.742,1,413962
1275.689,1,414530
1277.635,1,414444
1279.581,1,414737
1281.526,1,415898
1283.470,1,416657
1285.414,1,416407
1287.358,1,416956
1289.301,1,416522
1291.244,1,416179
1293.187,1,417143
1295.128,1,417771
1297.070,1,418190
1299.011,1,418648
1300.951,1,420108
1302.891,1,420821
1304.831,1,421555
1306.770,1,422232
1308.709,1,423527
1310.647,1,423671
1312.585,1,424253
1314.522,1,424434
1316.459,1,424564
1318.395,1,425587
1320.331,1,425782
1322.267,1,427159
1324.202,1,428717
1326.136,1,427700
1328.070,1,427580
1330.004,1,426919
1331.937,1,428187
1333.870,1,426235
1335.802,1,427059
1337.734,1,426075
1339.665,1,427793
1341.596,1,427658
1343.527,1,428204
1345.457,1,429213
1347.386,1,216401
1349.315,1,428682
1351.244,1,428411
1353.172,1,427121
1355.100,1,426804
1357.027,1,425960
1358.954,1,424402
1360.880,1,425174
1362.806,1,424574
1364.732,1,424242
1366.657,1,423878
1368.581,1,421966
1370.506,1,421778
1372.429,1,420228
1374.352,1,419019
1376.275,1,418487
1378.197,1,418670
1380.119,1,418639
1382.041,1,419611
1383.962,1,419896
1385.882,1,420186
1387.802,1,421637
1389.722,1,423287
1391.641,1,422919
1393.560,1,425262
1395.478,1,426784
1397.396,1,428157
1399.313,1,429518
1401.230,1,429570
1403.146,1,429133
1405.062,1,430403
1406.978,1,432900
1408.893,1,433431
1410.808,1,437547
1412.722,1,437479
1414.636,1,439429
1416.549,1,441364
1418.462,1,442300
1420.374,1,442341
1422.286,1,442240
1424.198,1,440860
1426.109,1,440340
1428.019,1,437926
1429.929,1,436766
1431.839,1,434405
1433.748,1,432524
1435.657,1,431374
1437.566,1,429953
1439.474,1,428815
1441.381,1,428915
1443.288,1,430270
1445.195,1,430576
1447.101,1,432203
1449.006,1,432163
1450.912,1,431690
1452.816,1,432311
1454.721,1,431912
1456.625,1,431336
1458.528,1,429865
1460.431,1,427482
1462.334,1,425939
1464.236,1,425180
1466.138,1,423691
1468.039,1,422812
1469.940,1,420859
1471.840,1,419787
1473.740,1,418265
1475.639,1,416759
1477.538,1,415269
1479.437,1,414031
1481.335,1,413669
1483.233,1,413122
1485.130,1,412889
1487.027,1,411532
1488.923,1,411450
1490.819,1,411183
1492.715,1,410967
1494.610,1,410943
1496.504,1,410352
1498.398,1,409693
1500.292,1,410856
1502.185,1,410832
1504.078,1,410572
1505.971,1,410689
1507.862,1,411166
1509.754,1,410283
1511.645,1,410739
1513.536,1,411647
1515.426,1,412466
1517.316,1,413408
1519.205,1,412200
1521.094,1,411665
1522.982,1,413111
1524.870,1,412152
1526.758,1,412790
1528.645,1,413146
1530.531,1,413677
1532.418,1,413160
1534.303,1,413116
1536.189,1,413096
1538.074,1,412424
1539.958,1,413557
1541.842,1,412957
1543.726,1,412631
1545.609,1,413323
1547.492,1,413573
1549.374,1,412811
1551.256,1,413009
1553.137,1,412701
1555.018,1,412886
1556.898,1,412414
1558.779,1,412987
1560.658,1,412047
1562.537,1,411872
1564.416,1,412154
1566.295,1,411581
1568.172,1,411684
1570.050,1,411711
1571.927,1,411380
1573.804,1,411966
1575.680,1,411883
1577.555,1,412436
1579.431,1,412338
1581.306,1,413290
1583.180,1,412986
1585.054,1,413948
1586.927,1,414365
1588.801,1,414491
1590.673,1,415818
1592.545,1,415174
1594.417,1,415295
1596.289,1,415182
1598.160,1,415585
1600.030,1,415599
1601.900,1,416274
1603.770,1,417387
1605.639,1,419115
1607.508,1,419780
1609.376,1,421679
1611.244,1,421937
1613.111,1,422466
1614.979,1,421207
1616.845,1,421007
1618.711,1,422521
1620.577,1,422328
1622.442,1,422506
1624.307,1,423340
1626.172,1,423168
1628.036,1,421945
1629.899,1,423402
1631.762,1,424030
1633.625,1,424466
1635.487,1,425632
1637.349,1,426085
1639.211,1,427247
1641.072,1,428672
1642.932,1,429067
1644.792,1,429786
1646.652,1,430793
1648.511,1,431803
1650.370,1,432204
1652.229,1,433867
1654.087,1,434577
1655.944,1,435255
1657.801,1,435591
1659.658,1,434400
1661.514,1,434059
1663.370,1,433495
1665.226,1,431772
1667.080,1,430741
1668.935,1,428062
1670.789,1,426735
1672.643,1,424560
1674.496,1,422690
1676.349,1,421139
1678.201,1,419315
1680.053,1,418213
1681.905,1,416762
1683.756,1,414953
1685.607,1,412595
1687.457,1,411348
1689.307,1,410158
1691.156,1,408005
1693.005,1,405446
1694.854,1,404491
1696.702,1,403407
1698.550,1,400924
1700.397,1,400303
1702.244,1,399472
1704.090,1,397678
1705.936,1,396685
1707.782,1,396331
1709.627,1,395772
1711.472,1,394667
1713.316,1,394102
1715.160,1,392517
1717.004,1,392944
1718.847,1,392129
1720.689,1,390985
1722.531,1,391253
1724.373,1,390890
1726.215,1,389246
1728.056,1,389242
1729.896,1,388021
1731.736,1,387478
1733.576,1,387021
1735.415,1,385986
1737.254,1,386024
1739.092,1,383961
1740.930,1,382808
1742.768,1,382639
1744.605,1,381920
1746.442,1,381815
1748.278,1,379678
1750.114,1,379288
1751.949,1,378142
1753.784,1,377134
1755.619,1,376571
1757.453,1,374736
1759.287,1,374696
1761.120,1,373820
1762.953,1,372425
1764.785,1,371224
1766.617,1,370289
1768.449,1,369602
1770.280,1,368478
1772.111,1,368101
1773.941,1,367341
1775.771,1,366913
1777.601,1,365777
1779.430,1,365106
1781.259,1,363454
1783.087,1,364177
1784.915,1,363305
1786.742,1,361929
1788.569,1,361646
1790.396,1,361651
1792.222,1,361513
1794.048,1,361680
1795.873,1,361741
1797.698,1,362074
1799.523,1,361853
1801.347,1,360609
1803.171,1,360600
1804.994,1,360434
1806.817,1,361524
1808.639,1,360819
1810.461,1,361893
1812.283,1,362447
1814.104,1,363532
1815.925,1,364372
1817.745,1,364944
1819.565,1,365683
1821.384,1,365703
1823.203,1,366338
1825.022,1,367602
1826.840,1,368374
1828.658,1,369327
1830.476,1,370245
1832.293,1,371753
1834.109,1,374001
1835.925,1,373979
1837.741,1,375644
1839.557,1,377049
1841.372,1,378391
1843.186,1,379748
1845.000,1,381593
1846.814,1,382739
1848.627,1,383678
1850.440,1,384175
1852.253,1,385774
1854.065,1,386423
1855.876,1,388271
1857.687,1,389328
1859.498,1,390296
1861.309,1,391466
1863.119,1,392564
1864.928,1,393805
1866.737,1,394728
1868.546,1,395733
1870.354,1,396300
1872.162,1,397819
1873.970,1,398962
1875.777,1,398854
1877.584,1,399976
1879.390,1,400305
1881.196,1,401431
1883.001,1,402218
1884.806,1,402487
1886.611,1,401930
1888.415,1,404075
1890.219,1,404123
1892.022,1,404189
1893.825,1,404798
1895.628,1,404742
1897.430,1,404553
1899.232,1,404465
1901.033,1,405505
1902.834,1,406052
1904.634,1,405755
1906.434,1,406284
1908.234,1,406485
1910.033,1,405898
1911.832,1,406298
1913.631,1,406662
1915.429,1,407283
1917.226,1,406078
1919.024,1,406038
1920.821,1,405938
1922.617,1,405914
1924.413,1,406310
1926.209,1,406586
1928.004,1,406014
1929.799,1,406242
1931.593,1,405536
1933.387,1,406031
1935.180,1,406356
1936.974,1,405812
1938.766,1,405463
1940.559,1,405265
1942.351,1,405640
1944.142,1,405689
1945.933,1,405606
1947.724,1,404541
1949.514,1,407424
1951.304,1,408003
1953.094,1,406442
1954.883,1,404248
1956.672,1,404175
1958.460,1,404224
1960.248,1,403393
1962.035,1,403632
1963.822,1,402915
1965.609,1,402842
1967.395,1,402619
1969.181,1,403050
1970.967,1,401841
1972.752,1,402182
1974.536,1,403107
1976.320,1,402119
1978.104,1,401740
1979.888,1,401073
1981.671,1,401966
1983.453,1,401835
1985.236,1,401282
1987.017,1,401716
1988.799,1,401567
1990.580,1,401278
1992.360,1,401008
1994.141,1,401005
1995.920,1,400433
1997.700,1,399785
1999.479,1,400596
2001.257,1,399729
2003.036,1,399702
2004.813,1,399116
2006.591,1,399641
2008.368,1,399189
2010.144,1,399942
2011.920,1,399147
2013.696,1,398533
2015.472,1,398776
2017.247,1,399464
2019.021,1,399736
2020.795,1,399438
2022.569,1,399076
2024.342,1,399006
2026.115,1,398274
2027.888,1,398463
2029.660,1,398579
2031.432,1,398289
2033.203,1,398276
2034.974,1,397805
2036.745,1,398566
2038.515,1,398344
2040.285,1,398755
2042.054,1,398492
2043.823,1,397901
2045.592,1,397060
2047.360,1,397474
2049.128,1,398081
2050.895,1,397849
2052.662,1,397758
2054.429,1,398167
2056.195,1,397505
2057.961,1,397236
2059.726,1,397228
2061.491,1,397156
2063.256,1,397717
2065.020,1,396942
2066.783,1,397142
2068.547,1,397382
2070.310,1,397526
2072.072,1,396930
2073.835,1,397202
2075.597,1,396715
2077.358,1,397075
2079.119,1,395834
2080.880,1,396524
2082.640,1,397123
2084.400,1,396223
2086.159,1,396680
2087.918,1,395182
2089.677,1,396253
2091.435,1,396222
2093.193,1,396258
2094.950,1,395851
2096.707,1,395148
2098.464,1,395823
2100.220,1,395961
2101.976,1,394863
2103.732,1,395415
2105.487,1,395533
2107.241,1,395763
2108.996,1,395724
2110.750,1,395630
2112.503,1,395668
2114.256,1,394765
2116.009,1,393855
2117.761,1,394138
2119.513,1,394371
2121.265,1,394914
2123.016,1,394406
2124.767,1,395123
2126.517,1,393928
2128.267,1,393843
2130.017,1,393179
2131.766,1,393342
2133.515,1,393144
2135.263,1,393444
2137.011,1,393067
2138.759,1,392555
2140.506,1,392694
2142.253,1,392904
2143.999,1,392945
2145.745,1,392175
2147.491,1,392285
2149.236,1,392090
2150.981,1,391818
2152.725,1,391288
2154.470,1,391761
2156.213,1,391783
2157.957,1,390921
2159.699,1,391260
2161.442,1,390872
2163.184,1,390799
2164.926,1,390757
2166.667,1,390751
2168.408,1,390357
2170.149,1,390841
2171.889,1,389762
2173.629,1,389689
2175.368,1,390381
2177.107,1,390686
2178.846,1,390666
2180.584,1,389294
2182.322,1,390092
2184.059,1,388619
2185.797,1,388187
2187.533,1,388506
2189.270,1,388485
2191.005,1,388354
2192.741,1,387999
2194.476,1,388222
2196.211,1,387646
2197.945,1,388216
2199.679,1,386892
2201.413,1,387170
2203.146,1,387265
2204.879,1,386991
2206.611,1,386867
2208.343,1,386099
2210.075,1,385863
2211.806,1,385940
2213.537,1,385417
2215.268,1,385153
2216.998,1,384666
2218.727,1,384462
2220.457,1,383771
2222.186,1,384040
2223.914,1,383731
2225.643,1,383237
2227.370,1,382709
2229.098,1,383440
2230.825,1,382588
2232.551,1,381686
2234.278,1,381928
2236.004,1,381757
2237.729,1,380873
2239.454,1,380103
2241.179,1,380401
2242.903,1,380308
2244.627,1,379248
2246.351,1,379773
2248.074,1,378236
2249.797,1,378243
2251.519,1,378717
2253.241,1,377703
2254.963,1,376585
2256.684,1,376004
2258.405,1,376373
2260.125,1,375710
2261.846,1,374692
2263.565,1,373732
2265.285,1,373839
2267.004,1,372848
2268.722,1,372955
2270.440,1,372047
2272.158,1,371046
2273.876,1,370311
2275.593,1,370534
2277.309,1,368794
2279.026,1,368955
2280.742,1,368182
2282.457,1,368218
2284.172,1,367809
2285.887,1,367004
2287.602,1,366557
2289.316,1,365689
2291.029,1,364700
2292.742,1,365302
2294.455,1,365217
2296.168,1,363529
2297.880,1,364216
2299.592,1,363242
2301.303,1,362849
2303.014,1,362382
2304.725,1,362669
2306.435,1,361814
2308.145,1,361684
2309.854,1,360882
2311.563,1,361332
2313.272,1,360761
2314.980,1,361168
2316.688,1,360478
2318.396,1,360192
2320.103,1,360300
2321.810,1,359942
2323.516,1,359473
2325.222,1,358831
2326.928,1,358776
2328.633,1,358871
2330.338,1,358855
2332.042,1,358949
2333.747,1,358762
2335.450,1,358527
2337.154,1,357799
2338.857,1,359103
2340.559,1,358909
2342.262,1,359130
2343.964,1,358425
2345.665,1,358403
2347.366,1,358169
2349.067,1,358358
2350.767,1,358382
2352.467,1,358801
2354.167,1,358734
2355.866,1,359482
2357.565,1,358479
2359.264,1,357800
2360.962,1,358303
2362.660,1,358762
2364.357,1,358523
2366.054,1,358194
2367.751,1,359098
2369.447,1,359217
2371.143,1,358956
2372.838,1,358641
2374.533,1,358567
2376.228,1,358012
2377.923,1,358149
2379.617,1,358356
2381.310,1,357845
2383.003,1,358600
2384.696,1,358037
2386.389,1,358627
2388.081,1,357844
2389.773,1,358913
2391.464,1,358301
2393.155,1,358363
2394.846,1,358282
2396.536,1,358741
2398.226,1,358438
2399.916,1,358394
2401.605,1,357790
2403.294,1,357890
2404.982,1,357743
2406.670,1,357972
2408.358,1,358312
2410.045,1,357698
2411.732,1,357795
2413.418,1,358174
2415.105,1,357854
2416.790,1,357997
2418.476,1,357402
2420.161,1,357681
2421.846,1,356939
2423.530,1,356654
2425.214,1,357411
2426.897,1,356906
2428.581,1,357555
2430.264,1,357390
2431.946,1,357590
2433.628,1,357369
2435.310,1,356333
2436.991,1,356807
2438.672,1,356281
2440.353,1,357071
2442.033,1,356790
2443.713,1,356541
2445.392,1,356142
2447.072,1,355957
2448.750,1,355975
2450.429,1,354852
2452.107,1,355211
2453.785,1,354917
2455.462,1,355003
2457.139,1,355793
2458.815,1,354891
2460.491,1,354904
2462.167,1,354335
2463.843,1,354069
2465.518,1,353553
2467.193,1,354410
2468.867,1,353299
2470.541,1,354403
2472.215,1,353443
2473.888,1,353350
2475.561,1,353865
2477.233,1,352658
2478.905,1,352522
2480.577,1,352313
2482.249,1,351617
2483.920,1,351735
2485.590,1,351717
2487.261,1,351852
2488.931,1,351864
2490.600,1,350911
2492.269,1,350972
2493.938,1,350624
2495.607,1,350321
2497.275,1,350085
2498.943,1,350140
2500.610,1,349838
2502.277,1,350144
2503.944,1,350448
2505.610,1,349263
2507.276,1,349345
2508.942,1,348893
2510.607,1,348532
2512.272,1,348096
2513.936,1,347396
2515.600,1,347535
2517.264,1,346997
2518.927,1,346746
2520.590,1,346159
2522.253,1,346085
2523.915,1,346115
2525.577,1,345888
2527.239,1,344967
2528.900,1,345251
2530.561,1,345566
2532.221,1,345660
2533.881,1,345537
2535.541,1,345609
2537.200,1,345076
2538.859,1,344921
2540.518,1,344849
2542.176,1,345076
2543.834,1,344214
2545.492,1,344793
2547.149,1,344013
2548.806,1,344448
2550.462,1,343328
2552.119,1,343990
2553.774,1,343797
2555.430,1,343580
2557.085,1,343478
2558.740,1,342861
2560.394,1,342903
2562.048,1,343233
2563.701,1,342613
2565.355,1,342832
2567.007,1,342870
2568.660,1,342283
2570.312,1,342220
2571.964,1,342008
2573.615,1,341759
2575.266,1,341213
2576.917,1,341337
2578.568,1,341640
2580.218,1,340702
2581.867,1,341722
2583.516,1,341881
2585.165,1,341889
2586.814,1,341713
2588.462,1,341292
2590.110,1,340937
2591.757,1,340083
2593.405,1,341046
2595.051,1,340355
2596.698,1,340422
2598.344,1,340318
2599.989,1,339693
2601.635,1,339801
2603.280,1,339389
2604.924,1,340371
2606.569,1,340002
2608.212,1,339214
2609.856,1,339634
2611.499,1,339010
2613.142,1,339146
2614.784,1,339623
2616.427,1,339285
2618.068,1,339862
2619.710,1,339274
2621.351,1,338764
2622.991,1,338954
2624.632,1,339359
2626.272,1,339742
2627.911,1,339033
2629.551,1,338508
2631.190,1,338535
2632.828,1,337780
2634.466,1,338403
2636.104,1,336519
2637.742,1,336449
2639.379,1,336880
2641.015,1,337201
2642.652,1,336970
2644.288,1,336904
2645.924,1,335983
2647.559,1,336270
2649.194,1,335834
2650.829,1,335556
2652.463,1,335533
2654.097,1,334697
2655.730,1,335463
2657.364,1,334820
2658.996,1,334846
2660.629,1,333749
2662.261,1,334459
2663.893,1,334144
2665.524,1,333803
2667.155,1,332742
2668.786,1,332205
2670.417,1,333366
2672.047,1,332978
2673.676,1,333736
2675.306,1,332059
2676.935,1,332312
2678.563,1,331740
2680.192,1,332100
2681.819,1,332037
2683.447,1,331876
2685.074,1,331169
2686.701,1,330999
2688.328,1,331304
2689.954,1,330524
2691.580,1,330622
2693.205,1,329895
2694.830,1,330574
2696.455,1,330917
2698.079,1,329887
2699.703,1,329412
2701.327,1,329740
2702.950,1,330492
2704.573,1,329201
2706.196,1,328568
2707.818,1,328972
2709.440,1,328251
2711.062,1,328902
2712.683,1,328456
2714.304,1,327816
2715.924,1,328155
2717.545,1,328085
2719.164,1,327752
