1172.136,1,450794
1174.114,1,447378
1176.091,1,448080
1178.068,1,448069
1180.044,1,449998
1182.020,1,450311
1183.996,1,451721
1185.971,1,453111
1187.945,1,453622
1189.919,1,455626
1191.893,1,457112
1193.866,1,458161
1195.838,1,460120
1197.810,1,461438
1199.782,1,463823
1201.753,1,464695
1203.724,1,466999
1205.694,1,467207
1207.664,1,469562
1209.633,1,470160
1211.602,1,472369
1213.570,1,473143
1215.538,1,474904
1217.506,1,476617
1219.473,1,478958
1221.439,1,479753
1223.405,1,482358
1225.371,1,484004
1227.336,1,486369
1229.300,1,488485
1231.265,1,490948
1233.228,1,494833
1235.191,1,499745
1237.154,1,505256
1239.116,1,511541
1241.078,1,517081
1243.040,1,521420
1245.001,1,524871
1246.961,1,526887
1248.921,1,527117
1250.880,1,529464
1252.839,1,530098
1254.798,1,531185
1256.756,1,532157
1258.714,1,532500
1260.671,1,531902
1262.627,1,531789
1264.584,1,532761
1266.539,1,531563
1268.495,1,531311
1270.449,1,532482
1272.404,1,534024
1274.358,1,536661
1276.311,1,542103
1278.264,1,547897
1280.217,1,554389
1282.169,1,559968
1284.120,1,565157
1286.071,1,568028
1288.022,1,568771
1289.972,1,570182
1291.922,1,567654
1293.871,1,565425
1295.820,1,561243
1297.768,1,558370
1299.716,1,555232
1301.663,1,552260
1303.610,1,550127
1305.557,1,548965
1307.503,1,544042
1309.448,1,542770
1311.394,1,538057
1313.338,1,533991
1315.282,1,528882
1317.226,1,525536
1319.169,1,522065
1321.112,1,518252
1323.054,1,515999
1324.996,1,513706
1326.938,1,512205
1328.879,1,510303
1330.819,1,508946
1332.759,1,508561
1334.699,1,507727
1336.638,1,507224
1338.576,1,507120
1340.515,1,507560
1342.452,1,507967
1344.390,1,507045
1346.326,1,509738
1348.263,1,509424
1350.199,1,511306
1352.134,1,512555
1354.069,1,514167
1356.004,1,514641
1357.938,1,516729
1359.871,1,517888
1361.805,1,519613
1363.737,1,520680
1365.670,1,522974
1367.601,1,524156
1369.533,1,525817
1371.463,1,526475
1373.394,1,527836
1375.324,1,528693
1377.253,1,530814
1379.182,1,531585
1381.111,1,533492
1383.039,1,534618
1384.967,1,536091
1386.894,1,538427
1388.821,1,539633
1390.747,1,542034
1392.673,1,543450
1394.598,1,544145
1396.523,1,546632
1398.448,1,547403
1400.372,1,548056
1402.296,1,549437
1404.219,1,549691
1406.141,1,551967
1408.064,1,552273
1409.985,1,552501
1411.907,1,553765
1413.828,1,553930
1415.748,1,554305
1417.668,1,555095
1419.588,1,554800
1421.507,1,556527
1423.425,1,555661
1425.343,1,557467
1427.261,1,557665
1429.178,1,558065
1431.095,1,558229
1433.011,1,557784
1434.927,1,559066
1436.843,1,558772
1438.758,1,560852
1440.672,1,562853
1442.587,1,566203
1444.500,1,570167
1446.413,1,575218
1448.326,1,581048
1450.238,1,586391
1452.150,1,589860
1454.062,1,590634
1455.973,1,590388
1457.883,1,589622
1459.793,1,589128
1461.703,1,589514
1463.612,1,591072
1465.521,1,592916
1467.429,1,595539
1469.337,1,599630
1471.244,1,604249
1473.151,1,610385
1475.057,1,618293
1476.964,1,625842
1478.869,1,628744
1480.774,1,621575
1482.679,1,609883
1484.583,1,595973
1486.487,1,585525
1488.390,1,577766
1490.293,1,570159
1492.196,1,565400
1494.098,1,561133
1495.999,1,558749
1497.900,1,555494
1499.801,1,554597
1501.701,1,553330
1503.601,1,552259
1505.500,1,552301
1507.399,1,551781
1509.298,1,550938
1511.196,1,551013
1513.093,1,550853
1514.990,1,551247
1516.887,1,551327
1518.783,1,550721
1520.679,1,550507
1522.574,1,550335
1524.469,1,550551
1526.364,1,550768
1528.258,1,551279
1530.151,1,550452
1532.044,1,551305
1533.937,1,550251
1535.829,1,550342
1537.721,1,550252
1539.612,1,550691
1541.503,1,551102
1543.394,1,550297
1545.284,1,550149
1547.173,1,550059
1549.062,1,550285
1550.951,1,550499
1552.839,1,550198
1554.727,1,550400
1556.614,1,550949
1558.501,1,550951
1560.388,1,550464
1562.274,1,550461
1564.159,1,550500
1566.045,1,550716
1567.929,1,551798
1569.814,1,550615
1571.697,1,551441
1573.581,1,552328
1575.464,1,550355
1577.346,1,551874
1579.228,1,551944
1581.110,1,551684
1582.991,1,552251
1584.872,1,552196
1586.752,1,552255
1588.632,1,553257
1590.512,1,553200
1592.391,1,553179
1594.269,1,553534
1596.147,1,553835
1598.025,1,554008
1599.902,1,554454
1601.779,1,554364
1603.656,1,555706
1605.532,1,556074
1607.407,1,556975
1609.282,1,557242
1611.157,1,556697
1613.031,1,557114
1614.905,1,557954
1616.778,1,558740
1618.651,1,559480
1620.524,1,559279
1622.396,1,559315
1624.267,1,559742
1626.138,1,560296
1628.009,1,560715
1629.879,1,560718
1631.749,1,558809
1633.619,1,557297
1635.488,1,559916
1637.356,1,559083
1639.224,1,559803
1641.092,1,558952
1642.959,1,559966
1644.826,1,558341
1646.692,1,557784
1648.558,1,557180
1650.424,1,556160
1652.289,1,555482
1654.154,1,553851
1656.018,1,554294
1657.882,1,551484
1659.745,1,550367
1661.608,1,551217
1663.470,1,547979
1665.332,1,547607
1667.194,1,545751
1669.055,1,544513
1670.916,1,543982
1672.776,1,542174
1674.636,1,540174
1676.496,1,539868
1678.355,1,537942
1680.213,1,537035
1682.071,1,535058
1683.929,1,533204
1685.786,1,533216
1687.643,1,530436
1689.500,1,529278
1691.356,1,528256
1693.211,1,527579
1695.066,1,525448
1696.921,1,523291
1698.775,1,522508
1700.629,1,520921
1702.483,1,519814
1704.336,1,518719
1706.188,1,516932
1708.040,1,517197
1709.892,1,515532
1711.743,1,515285
1713.594,1,512617
1715.445,1,512800
1717.295,1,510748
1719.144,1,509969
1720.994,1,508811
1722.842,1,508489
1724.691,1,506194
1726.538,1,505637
1728.386,1,504173
1730.233,1,503797
1732.079,1,503209
1733.926,1,502091
1735.771,1,501530
1737.617,1,499865
1739.462,1,498268
1741.306,1,498690
1743.150,1,497760
1744.994,1,495936
1746.837,1,494828
1748.680,1,493828
1750.522,1,492487
1752.364,1,490962
1754.205,1,490671
1756.046,1,489173
1757.887,1,487677
1759.727,1,487130
1761.567,1,486399
1763.406,1,485161
1765.245,1,482241
1767.084,1,481320
1768.922,1,479748
1770.759,1,480552
1772.597,1,478350
1774.433,1,477385
1776.270,1,476906
1778.106,1,476378
1779.941,1,471985
1781.776,1,473645
1783.611,1,472312
1785.445,1,470996
1787.279,1,470158
1789.113,1,469593
1790.946,1,468934
1792.778,1,467983
1794.610,1,466295
1796.442,1,465090
1798.274,1,465079
1800.104,1,463379
1801.935,1,463605
1803.765,1,461477
1805.595,1,461580
1807.424,1,459957
1809.253,1,459593
1811.081,1,458890
1812.909,1,458145
1814.736,1,456658
1816.564,1,456401
1818.390,1,456137
1820.217,1,455100
1822.042,1,454222
1823.868,1,453291
1825.693,1,453073
1827.517,1,453239
1829.342,1,451835
1831.165,1,451828
1832.989,1,450842
1834.812,1,450617
1836.634,1,449119
1838.456,1,449625
1840.278,1,449044
1842.099,1,447740
1843.920,1,448370
1845.740,1,446987
1847.560,1,447819
1849.380,1,446755
1851.199,1,445602
1853.018,1,445669
1854.836,1,446299
1856.654,1,445078
1858.471,1,443733
1860.289,1,443007
1862.105,1,442992
1863.921,1,442683
1865.737,1,441474
1867.553,1,441128
1869.368,1,439479
1871.182,1,439145
1872.996,1,438817
1874.810,1,437802
1876.623,1,437719
1878.436,1,436299
1880.249,1,435727
1882.061,1,434997
1883.873,1,434210
1885.684,1,433328
1887.495,1,432337
1889.305,1,431093
1891.115,1,431524
1892.925,1,430143
1894.734,1,429547
1896.543,1,429029
1898.351,1,428125
1900.159,1,426433
1901.966,1,425644
1903.774,1,425843
1905.580,1,424415
1907.387,1,423990
1909.192,1,422896
1910.998,1,422841
1912.803,1,421521
1914.608,1,421499
1916.412,1,420621
1918.216,1,419351
1920.019,1,418518
1921.822,1,418020
1923.625,1,417112
1925.427,1,416730
1927.228,1,415869
1929.030,1,415170
1930.831,1,413684
1932.631,1,413221
1934.431,1,412361
1936.231,1,412503
1938.030,1,410959
1939.829,1,410600
1941.628,1,410146
1943.426,1,409089
1945.223,1,408240
1947.021,1,407976
1948.817,1,407498
1950.614,1,406871
1952.410,1,405332
1954.205,1,405390
1956.001,1,405360
1957.795,1,404374
1959.590,1,403409
1961.384,1,403049
1963.177,1,402135
1964.970,1,401841
1966.763,1,401214
1968.555,1,400728
1970.347,1,400402
1972.139,1,398870
1973.930,1,398846
1975.721,1,397646
1977.511,1,397258
1979.301,1,397297
1981.090,1,396194
1982.879,1,395563
1984.668,1,394091
1986.456,1,394629
1988.244,1,392642
1990.032,1,392423
1991.819,1,392261
1993.605,1,391061
1995.391,1,390668
1997.177,1,390538
1998.963,1,390414
2000.748,1,388288
2002.532,1,388318
2004.316,1,387427
2006.100,1,386966
2007.884,1,386610
2009.667,1,385349
2011.449,1,384759
2013.231,1,384155
2015.013,1,383063
2016.794,1,382645
2018.575,1,381288
2020.356,1,380712
2022.136,1,380113
2023.916,1,378933
2025.695,1,378470
2027.474,1,377316
2029.253,1,376561
2031.031,1,376739
2032.808,1,374742
2034.586,1,374140
2036.363,1,373514
2038.139,1,372917
2039.915,1,371618
2041.691,1,371140
2043.466,1,370152
2045.241,1,368718
2047.016,1,368334
2048.790,1,366776
2050.564,1,366688
2052.337,1,366080
2054.110,1,364424
2055.882,1,363463
2057.654,1,362356
2059.426,1,361595
2061.197,1,360997
2062.968,1,359245
2064.739,1,358069
2066.509,1,357881
2068.278,1,356977
2070.048,1,356049
2071.817,1,354798
2073.585,1,353718
2075.353,1,352261
2077.121,1,352617
2078.888,1,350489
2080.655,1,350533
2082.421,1,349691
2084.188,1,348668
2085.953,1,348001
2087.719,1,347945
2089.483,1,347392
2091.248,1,345511
2093.012,1,344378
2094.776,1,344355
2096.539,1,343808
2098.302,1,343061
2100.064,1,341884
2101.826,1,341144
2103.588,1,340661
2105.349,1,339937
2107.110,1,338790
2108.871,1,337921
2110.631,1,338110
2112.391,1,336739
2114.150,1,336063
2115.909,1,335358
2117.667,1,334764
2119.426,1,332498
2121.183,1,332715
2122.941,1,331813
2124.698,1,331660
2126.454,1,330096
2128.210,1,329743
2129.966,1,328974
2131.721,1,328599
2133.476,1,326868
2135.231,1,326872
2136.985,1,326710
2138.739,1,325544
2140.492,1,325523
2142.245,1,324042
2143.998,1,322883
2145.750,1,322822
2147.502,1,321812
2149.253,1,320802
2151.004,1,320269
2152.755,1,319522
2154.505,1,318593
2156.255,1,317506
2158.004,1,317685
2159.753,1,316658
2161.502,1,316321
2163.250,1,315358
2164.998,1,314800
2166.745,1,315054
2168.493,1,314078
2170.239,1,313405
2171.986,1,312670
2173.731,1,311888
2175.477,1,311894
2177.222,1,311397
2178.967,1,310510
2180.711,1,310211
2182.455,1,310111
2184.199,1,309292
2185.942,1,309135
2187.684,1,308618
2189.427,1,308385
2191.169,1,307704
2192.910,1,307088
2194.652,1,307440
2196.392,1,306471
2198.133,1,305180
2199.873,1,305117
2201.612,1,304907
2203.352,1,304583
2205.091,1,303260
2206.829,1,302747
2208.567,1,302792
2210.305,1,302210
2212.042,1,301101
2213.779,1,301227
2215.515,1,170301
2217.252,1,298716
2218.987,1,299244
2220.723,1,298256
2222.458,1,297425
2224.192,1,296558
2225.926,1,296120
2227.660,1,295653
2229.394,1,295061
2231.127,1,294160
2232.859,1,293603
2234.591,1,293071
2236.323,1,291898
2238.055,1,290913
2239.786,1,290139
2241.516,1,289521
2243.247,1,288571
2244.977,1,287434
2246.706,1,287238
2248.435,1,286230
2250.164,1,286679
2251.892,1,285041
2253.620,1,284526
2255.348,1,284037
2257.075,1,283325
2258.802,1,282023
2260.528,1,281604
2262.255,1,281935
2263.980,1,280871
2265.705,1,280188
2267.430,1,279820
2269.155,1,279405
2270.879,1,279144
2272.603,1,277903
2274.326,1,278046
2276.049,1,277220
2277.772,1,276801
2279.494,1,276264
2281.216,1,275331
2282.937,1,274998
2284.658,1,274464
2286.379,1,274359
2288.099,1,273069
2289.819,1,272900
2291.538,1,271444
2293.258,1,271280
2294.976,1,270499
2296.695,1,269707
2298.413,1,269793
2300.130,1,269114
2301.847,1,268656
2303.564,1,268204
2305.281,1,266688
2306.997,1,266383
2308.712,1,265173
2310.428,1,264932
2312.143,1,263912
2313.857,1,263990
2315.571,1,263977
2317.285,1,263739
2318.998,1,261598
2320.711,1,261536
2322.424,1,261247
2324.136,1,260130
2325.848,1,259563
2327.560,1,258991
2329.271,1,258993
2330.981,1,257754
2332.692,1,257776
2334.402,1,257832
2336.111,1,256500
2337.820,1,255912
2339.529,1,255247
2341.238,1,254416
2342.946,1,254121
2344.653,1,253356
2346.361,1,253127
2348.068,1,252742
2349.774,1,252796
2351.480,1,251031
2353.186,1,250782
2354.892,1,250371
2356.597,1,249883
2358.301,1,249443
2360.005,1,249620
2361.709,1,248690
2363.413,1,248134
2365.116,1,247611
2366.819,1,247508
2368.521,1,247287
2370.223,1,246713
2371.925,1,245377
2373.626,1,245070
2375.327,1,244657
2377.027,1,244680
2378.727,1,244046
2380.427,1,243156
2382.126,1,243217
2383.825,1,242181
2385.524,1,242346
2387.222,1,242183
2388.920,1,240971
2390.618,1,240485
2392.315,1,240204
2394.011,1,239563
2395.708,1,238832
2397.404,1,239007
2399.099,1,237762
2400.794,1,237468
2402.489,1,236999
2404.184,1,236422
2405.878,1,235270
2407.571,1,234871
2409.265,1,234332
2410.958,1,234295
2412.650,1,233216
2414.343,1,232805
2416.034,1,231544
2417.726,1,231352
2419.417,1,230612
2421.108,1,230015
2422.798,1,229434
2424.488,1,229305
2426.178,1,228171
2427.867,1,227978
2429.556,1,227640
2431.244,1,226235
2432.932,1,226362
2434.620,1,225413
2436.307,1,224876
2437.994,1,224026
2439.681,1,223336
2441.367,1,223257
2443.053,1,222379
2444.738,1,221734
2446.424,1,220941
2448.108,1,221643
2449.793,1,220560
2451.477,1,219364
2453.160,1,219226
2454.844,1,219069
2456.526,1,218036
2458.209,1,218005
2459.891,1,217435
2461.573,1,217191
2463.254,1,217134
2464.935,1,216124
2466.616,1,215649
2468.296,1,214507
2469.976,1,214140
2471.656,1,215064
2473.335,1,214177
2475.014,1,214349
2476.692,1,213586
2478.370,1,213371
2480.048,1,212620
2481.725,1,211894
2483.402,1,212317
2485.079,1,211355
2486.755,1,211957
2488.431,1,211239
2490.106,1,210813
2491.781,1,210412
2493.456,1,209701
2495.130,1,210241
2496.804,1,209923
2498.478,1,209794
2500.151,1,209228
2501.824,1,209252
2503.497,1,208457
2505.169,1,208561
2506.841,1,207857
2508.512,1,207944
2510.183,1,207315
2511.854,1,207647
2513.524,1,207139
2515.194,1,206927
2516.864,1,207075
2518.533,1,206584
2520.202,1,206150
2521.870,1,206204
2523.538,1,206243
2525.206,1,206018
2526.874,1,205394
2528.541,1,204631
2530.207,1,205052
2531.873,1,204573
2533.539,1,204719
2535.205,1,204482
2536.870,1,203628
2538.535,1,204137
2540.199,1,203168
2541.864,1,203291
2543.527,1,202822
2545.191,1,202977
2546.854,1,202954
2548.516,1,202193
2550.179,1,201761
2551.840,1,201949
2553.502,1,201319
2555.163,1,201702
2556.824,1,201472
2558.484,1,201497
2560.144,1,200896
2561.804,1,200877
2563.464,1,201292
2565.123,1,200546
2566.781,1,200069
2568.439,1,199938
2570.097,1,199849
2571.755,1,199598
2573.412,1,199177
2575.069,1,199644
2576.725,1,199304
2578.381,1,199056
2580.037,1,199275
2581.692,1,198393
2583.347,1,197896
2585.002,1,198126
2586.656,1,197549
2588.310,1,197100
2589.964,1,196264
2591.617,1,195459
2593.270,1,195211
2594.922,1,194242
2596.574,1,193187
2598.226,1,192805
2599.877,1,192340
2601.528,1,191315
2603.179,1,190665
2604.829,1,189833
2606.479,1,189461
2608.129,1,188989
2609.778,1,188866
2611.427,1,188188
2613.076,1,187888
2614.724,1,187114
2616.371,1,186826
2618.019,1,186715
2619.666,1,185805
2621.313,1,185724
2622.959,1,185126
2624.605,1,184681
2626.250,1,184557
2627.896,1,184131
2629.541,1,184237
2631.185,1,183868
2632.829,1,183754
2634.473,1,184328
2636.117,1,184516
2637.760,1,184158
2639.402,1,184191
2641.045,1,184100
2642.687,1,184609
2644.329,1,184558
2645.970,1,185085
2647.611,1,185092
2649.251,1,185529
2650.892,1,185581
2652.532,1,186298
2654.171,1,187135
2655.810,1,187407
2657.449,1,187829
2659.087,1,188202
2660.726,1,189114
2662.363,1,189766
2664.001,1,190125
2665.638,1,191304
2667.274,1,190699
2668.911,1,191566
2670.547,1,192527
2672.182,1,193492
2673.817,1,193481
2675.452,1,194246
2677.087,1,194942
2678.721,1,195955
2680.355,1,195931
2681.988,1,196699
2683.621,1,197829
2685.254,1,198460
2686.887,1,199384
2688.519,1,200979
2690.150,1,202107
2691.782,1,203400
2693.413,1,204696
2695.043,1,205825
2696.674,1,206766
2698.304,1,207420
2699.933,1,208224
2701.562,1,208547
2703.191,1,208475
2704.820,1,208729
2706.448,1,208440
2708.076,1,208670
2709.703,1,209311
2711.330,1,208173
2712.957,1,209374
2714.583,1,208641
2716.209,1,208669
2717.835,1,208841
2719.460,1,209237
2721.085,1,209357
2722.710,1,208995
2724.334,1,209907
2725.958,1,209811
2727.582,1,210528
2729.205,1,210888
2730.828,1,210386
2732.450,1,210620
2734.072,1,211038
2735.694,1,210963
2737.316,1,211488
2738.937,1,211466
2740.557,1,212709
2742.178,1,212101
2743.798,1,211732
2745.418,1,212720
2747.037,1,213255
2748.656,1,213260
2750.274,1,214157
2751.893,1,213906
2753.511,1,214748
2755.128,1,214620
2756.746,1,215009
2758.362,1,215446
2759.979,1,215677
2761.595,1,215669
2763.211,1,216174
2764.826,1,216499
2766.442,1,216878
2768.056,1,216872
2769.671,1,216937
2771.285,1,217192
2772.899,1,217841
2774.512,1,218076
2776.125,1,218705
2777.738,1,219265
2779.350,1,219090
2780.962,1,220146
2782.574,1,220213
2784.185,1,219991
2785.796,1,221246
2787.407,1,221889
2789.017,1,222474
2790.627,1,222685
2792.236,1,224098
2793.846,1,224227
2795.455,1,225448
2797.063,1,226823
2798.671,1,227989
2800.279,1,229108
2801.887,1,229984
2803.494,1,230548
2805.100,1,232796
2806.707,1,233760
2808.313,1,235708
2809.919,1,236829
2811.524,1,239343
2813.129,1,240686
2814.734,1,242147
2816.338,1,244032
2817.942,1,246147
2819.546,1,248358
2821.149,1,248885
2822.752,1,250949
2824.355,1,253341
2825.957,1,256242
2827.559,1,257670
2829.161,1,259131
2830.762,1,261300
2832.363,1,262285
2833.963,1,265501
2835.564,1,267118
2837.164,1,268820
2838.763,1,270019
2840.362,1,272173
2841.961,1,274125
2843.560,1,275937
2845.158,1,276798
2846.756,1,279007
2848.353,1,280796
2849.950,1,283095
2851.547,1,284692
2853.143,1,286537
2854.739,1,288535
2856.335,1,290470
2857.931,1,293337
2859.526,1,295793
2861.120,1,298296
2862.715,1,302124
2864.309,1,304312
2865.903,1,309096
2867.496,1,313893
2869.089,1,318722
2870.682,1,324413
2872.274,1,330820
2873.866,1,337620
2875.457,1,343538
2877.049,1,350963
2878.640,1,358046
2880.230,1,364169
2881.821,1,370945
2883.411,1,375745
2885.000,1,380753
2886.589,1,385058
2888.178,1,387937
2889.767,1,390575
2891.355,1,391619
2892.943,1,392262
2894.531,1,392176
2896.118,1,389596
2897.705,1,387582
2899.291,1,385036
2900.877,1,383235
2902.463,1,381061
2904.049,1,380921
2905.634,1,383324
2907.219,1,386193
2908.803,1,389589
2910.387,1,395176
2911.971,1,400481
2913.555,1,406847
2915.138,1,412445
2916.720,1,419335
2918.303,1,424908
2919.885,1,429069
2921.467,1,433466
2923.048,1,436183
2924.629,1,436002
2926.210,1,434451
2927.790,1,432766
2929.371,1,428246
2930.950,1,423060
2932.530,1,418997
2934.109,1,415051
2935.687,1,411548
2937.266,1,407995
2938.844,1,405607
2940.422,1,403267
2941.999,1,402314
2943.576,1,401592
2945.153,1,401553
2946.729,1,402821
2948.305,1,403390
2949.881,1,404143
2951.456,1,405836
2953.031,1,405952
2954.606,1,404526
2956.180,1,402251
2957.754,1,398595
2959.328,1,392768
2960.901,1,386514
2962.474,1,378336
2964.047,1,370370
2965.619,1,361428
2967.191,1,352413
2968.763,1,343581
2970.334,1,335811
2971.905,1,327229
2973.476,1,319917
2975.046,1,312297
2976.616,1,305954
2978.186,1,299166
2979.755,1,293219
2981.324,1,286961
2982.893,1,281515
2984.461,1,276836
2986.029,1,272450
2987.597,1,267858
2989.164,1,263595
2990.731,1,260113
2992.298,1,256504
2993.864,1,253299
2995.430,1,251124
2996.995,1,248527
2998.561,1,246869
3000.126,1,245523
3001.690,1,243618
3003.255,1,242546
3004.819,1,241730
3006.382,1,240915
3007.946,1,240186
3009.509,1,238997
3011.071,1,239088
3012.634,1,239040
3014.195,1,238344
3015.757,1,238370
3017.318,1,238507
3018.879,1,238377
3020.440,1,238277
3022.000,1,238459
3023.560,1,239043
3025.120,1,239097
3026.679,1,238416
3028.238,1,239656
3029.797,1,240360
3031.355,1,241176
3032.913,1,241091
3034.471,1,241703
3036.028,1,242293
3037.585,1,243365
3039.142,1,243945
3040.698,1,244531
3042.254,1,245114
3043.810,1,245810
3045.365,1,247172
3046.920,1,247453
3048.475,1,247849
3050.029,1,248974
3051.583,1,250176
3053.137,1,251469
3054.690,1,252392
3056.243,1,253682
3057.796,1,254105
3059.349,1,255642
3060.901,1,256213
3062.452,1,257695
3064.004,1,259174
3065.555,1,260530
3067.106,1,261609
3068.656,1,262332
3070.206,1,263835
3071.756,1,264849
3073.305,1,266386
3074.854,1,268753
3076.403,1,269558
3077.951,1,271350
3079.500,1,272540
3081.047,1,274495
3082.595,1,276675
3084.142,1,277089
3085.689,1,279546
3087.235,1,280961
3088.781,1,283522
3090.327,1,285408
3091.873,1,287028
3093.418,1,288798
3094.963,1,291237
3096.507,1,293528
3098.051,1,295524
3099.595,1,297415
3101.139,1,299274
3102.682,1,302500
3104.225,1,304313
3105.767,1,306717
3107.310,1,309077
3108.851,1,311133
3110.393,1,314405
3111.934,1,316300
3113.475,1,319063
3115.016,1,321085
3116.556,1,324689
3118.096,1,326867
3119.636,1,329264
3121.175,1,332265
3122.714,1,335444
3124.252,1,337832
3125.791,1,340937
3127.329,1,344511
3128.866,1,346011
3130.404,1,348923
3131.941,1,352504
3133.477,1,355290
3135.014,1,357960
3136.550,1,361416
3138.086,1,364094
3139.621,1,367158
3141.156,1,370370
3142.691,1,372770
3144.225,1,376091
3145.759,1,379994
3147.293,1,383595
3148.827,1,386169
3150.360,1,389723
3151.892,1,392257
3153.425,1,395680
3154.957,1,398293
3156.489,1,401968
3158.020,1,404479
3159.552,1,407088
3161.082,1,410555
3162.613,1,413308
3164.143,1,416818
3165.673,1,420038
3167.203,1,423175
3168.732,1,425389
3170.261,1,428566
3171.790,1,431106
3173.318,1,433855
3174.846,1,436382
3176.373,1,439835
3177.901,1,442108
3179.428,1,443979
3180.954,1,447477
3182.481,1,450736
3184.007,1,452207
3185.533,1,455555
3187.058,1,457495
3188.583,1,459978
3190.108,1,462441
3191.632,1,464957
3193.156,1,466990
3194.680,1,469723
3196.204,1,472362
3197.727,1,473927
3199.250,1,475625
3200.772,1,477834
3202.294,1,480198
3203.816,1,482819
3205.338,1,484613
3206.859,1,486137
3208.380,1,488334
3209.900,1,490297
3211.421,1,491014
3212.941,1,493037
3214.460,1,494431
3215.980,1,495796
3217.499,1,497114
3219.017,1,497643
3220.536,1,498887
3222.054,1,500516
3223.571,1,501231
3225.089,1,501808
3226.606,1,502425
3228.123,1,503373
3229.639,1,505024
3231.155,1,505459
3232.671,1,507653
3234.187,1,507579
3235.702,1,509276
3237.217,1,508544
3238.731,1,509287
3240.245,1,509523
3241.759,1,509961
3243.273,1,510042
3244.786,1,509928
3246.299,1,510465
3247.812,1,509984
3249.324,1,510969
3250.836,1,511322
3252.348,1,510849
3253.859,1,511029
3255.370,1,510411
3256.881,1,510868
3258.392,1,509833
3259.902,1,510605
3261.411,1,510577
3262.921,1,510768
3264.430,1,511123
3265.939,1,510761
3267.447,1,510623
3268.956,1,510695
3270.464,1,511567
3271.971,1,510722
3273.478,1,510168
3274.985,1,511103
3276.492,1,510851
3277.998,1,511114
3279.504,1,511405
3281.010,1,509349
3282.515,1,510886
3284.021,1,511109
3285.525,1,509919
3287.030,1,510603
3288.534,1,510747
3290.038,1,510391
3291.541,1,510131
3293.044,1,508527
3294.547,1,509781
3296.050,1,510181
3297.552,1,509492
3299.054,1,509396
3300.556,1,509797
3302.057,1,509833
3303.558,1,508600
3305.059,1,510901
3306.559,1,509980
3308.059,1,510775
3309.559,1,511816
3311.058,1,511879
3312.557,1,512229
3314.056,1,512865
3315.554,1,513642
3317.053,1,514212
3318.551,1,513986
3320.048,1,514399
3321.545,1,513761
3323.042,1,514837
3324.539,1,515391
3326.035,1,516642
3327.531,1,516794
3329.027,1,515488
3330.522,1,515917
3332.017,1,517176
3333.512,1,517998
3335.006,1,518195
3336.501,1,518233
3337.994,1,519169
3339.488,1,519012
3340.981,1,518944
3342.474,1,519662
3343.966,1,519574
3345.459,1,520352
3346.951,1,521051
3348.442,1,522661
3349.934,1,522140
3351.425,1,522877
3352.915,1,523843
3354.406,1,526274
3355.896,1,525614
3357.386,1,525560
3358.875,1,527055
3360.364,1,527225
3361.853,1,529180
3363.342,1,529980
3364.830,1,529884
3366.318,1,531553
3367.805,1,531821
3369.293,1,532190
3370.780,1,532909
3372.266,1,533836
3373.753,1,534807
3375.239,1,534500
3376.725,1,535485
3378.210,1,536495
3379.695,1,535690
3381.180,1,537225
3382.665,1,537569
3384.149,1,537135
3385.633,1,537184
3387.116,1,537224
3388.600,1,537620
3390.083,1,536355
3391.565,1,537480
3393.048,1,538278
3394.530,1,536386
3396.011,1,537783
3397.493,1,537526
3398.974,1,537351
3400.455,1,537104
3401.935,1,537080
3403.416,1,535555
3404.895,1,536234
3406.375,1,535694
3407.854,1,535597
3409.333,1,532915
3410.812,1,534272
3412.290,1,533694
3413.769,1,534439
3415.246,1,532723
3416.724,1,532593
3418.201,1,532979
3419.678,1,532066
3421.154,1,530595
3422.631,1,529639
3424.106,1,528912
3425.582,1,527971
3427.057,1,526520
3428.532,1,524212
3430.007,1,522599
3431.482,1,521447
3432.956,1,519985
3434.429,1,519912
3435.903,1,517643
3437.376,1,517080
3438.849,1,515418
3440.322,1,514048
3441.794,1,511572
3443.266,1,511592
3444.738,1,509777
3446.209,1,508886
3447.680,1,505921
3449.151,1,504017
3450.621,1,503014
3452.091,1,501583
3453.561,1,499521
3455.031,1,498043
