184.081,1,601108
186.293,1,590371
188.506,1,582775
190.717,1,575057
192.928,1,568008
195.138,1,559757
197.348,1,550948
199.557,1,543078
201.766,1,533468
203.974,1,525206
206.182,1,515865
208.389,1,507021
210.595,1,498114
212.801,1,490259
215.007,1,480586
217.211,1,472495
219.416,1,464122
221.619,1,455874
223.823,1,447572
226.025,1,440457
228.227,1,432058
230.429,1,425341
232.630,1,418187
234.830,1,412568
237.030,1,406935
239.229,1,400047
241.428,1,395755
243.626,1,391016
245.824,1,385533
248.021,1,380996
250.217,1,376660
252.413,1,372295
254.609,1,368117
256.804,1,364887
258.998,1,361465
261.192,1,358743
263.385,1,355088
265.578,1,352493
267.770,1,348423
269.961,1,346275
272.152,1,343352
274.343,1,339651
276.533,1,337457
278.722,1,332295
280.911,1,328511
283.099,1,323991
285.287,1,320716
287.474,1,315671
289.661,1,310437
291.847,1,305629
294.032,1,301282
296.217,1,295965
298.402,1,290365
300.586,1,285635
302.769,1,280982
304.952,1,276724
307.134,1,271831
309.316,1,267451
311.497,1,262738
313.677,1,258127
315.857,1,255042
318.037,1,251046
320.216,1,248211
322.394,1,245422
324.572,1,242556
326.750,1,240594
328.926,1,238404
331.103,1,236511
333.278,1,234752
335.454,1,232995
337.628,1,231840
339.802,1,230427
341.976,1,229513
344.149,1,228721
346.321,1,227728
348.493,1,226315
350.665,1,226304
352.835,1,225267
355.006,1,224565
357.175,1,223188
359.345,1,222581
361.513,1,221819
363.681,1,221289
365.849,1,219962
368.016,1,219357
370.182,1,218262
372.348,1,217427
374.514,1,217187
376.679,1,216433
378.843,1,216263
381.007,1,215727
383.170,1,216061
385.333,1,215997
387.495,1,215821
389.657,1,216120
391.818,1,216482
393.978,1,216225
396.138,1,216038
398.298,1,215822
400.457,1,215055
402.615,1,215506
404.773,1,214393
406.930,1,214321
409.087,1,214334
411.244,1,213984
413.399,1,214041
415.554,1,213779
417.709,1,213932
419.863,1,213038
422.017,1,213737
424.170,1,213337
426.322,1,212532
428.474,1,212418
430.626,1,212099
432.777,1,211388
434.927,1,211195
437.077,1,210508
439.226,1,210143
441.375,1,209747
443.523,1,210121
445.671,1,209441
447.818,1,208478
449.965,1,208661
452.111,1,207474
454.257,1,207039
456.402,1,206507
458.546,1,206108
460.690,1,205443
462.834,1,205119
464.976,1,204376
467.119,1,204475
469.261,1,204168
471.402,1,203589
473.543,1,203409
475.683,1,203456
477.823,1,202988
479.962,1,203205
482.101,1,203323
484.239,1,202936
486.376,1,203013
488.513,1,203629
490.650,1,204681
492.786,1,204761
494.922,1,205434
497.057,1,206140
499.191,1,206868
501.325,1,207897
503.458,1,208264
505.591,1,210204
507.723,1,211347
509.855,1,212486
511.987,1,213212
514.117,1,213625
516.247,1,213576
518.377,1,213586
520.506,1,213591
522.635,1,214382
524.763,1,214619
526.891,1,214947
529.018,1,214800
531.144,1,214596
533.270,1,214950
535.396,1,214264
537.521,1,213936
539.645,1,213494
541.769,1,213244
543.892,1,212481
546.015,1,212420
548.138,1,211684
550.259,1,211408
552.381,1,211396
554.502,1,210570
556.622,1,210445
558.741,1,210337
560.861,1,210555
562.979,1,209989
565.097,1,209888
567.215,1,209687
569.332,1,209803
571.449,1,208653
573.565,1,209376
575.680,1,208235
577.795,1,207435
579.910,1,205663
582.024,1,204113
584.137,1,202768
586.250,1,200767
588.363,1,198905
590.475,1,197354
592.586,1,196224
594.697,1,194257
596.807,1,193498
598.917,1,192600
601.026,1,191287
603.135,1,190293
605.243,1,188545
607.351,1,187558
609.458,1,186443
611.565,1,185799
613.671,1,184386
615.777,1,183077
617.882,1,182718
619.987,1,182353
622.091,1,181818
624.194,1,180276
626.297,1,180581
628.400,1,179757
630.502,1,179566
632.604,1,179256
634.705,1,178549
636.805,1,178214
638.905,1,178619
641.005,1,177650
643.104,1,177592
645.202,1,177983
647.300,1,177445
649.397,1,177455
651.494,1,176917
653.591,1,177478
655.686,1,177635
657.782,1,177706
659.877,1,178093
661.971,1,177319
664.065,1,177954
666.158,1,177878
668.251,1,177382
670.343,1,177275
672.435,1,177212
674.526,1,177483
676.617,1,177413
678.707,1,177178
680.797,1,176984
682.886,1,176794
684.975,1,176697
687.063,1,176896
689.151,1,177008
691.238,1,176376
693.324,1,176032
695.410,1,175790
697.496,1,175335
699.581,1,175270
701.666,1,175556
703.750,1,175571
705.833,1,175650
707.917,1,174837
709.999,1,174760
712.081,1,174560
714.163,1,174315
716.244,1,174318
718.324,1,174153
720.404,1,174157
722.484,1,174071
724.563,1,173150
726.641,1,173586
728.719,1,173340
730.797,1,173126
732.874,1,172995
734.950,1,172772
737.026,1,172678
739.102,1,172615
741.177,1,172530
743.251,1,172119
745.325,1,172065
747.398,1,172262
749.471,1,171981
751.544,1,172177
753.616,1,172134
755.687,1,172751
757.758,1,172636
759.828,1,172841
761.898,1,173557
763.968,1,174758
766.036,1,175367
768.105,1,176170
770.173,1,177210
772.240,1,179129
774.307,1,182074
776.373,1,184112
778.439,1,187216
780.504,1,191908
782.569,1,197284
784.634,1,202610
786.697,1,209736
788.761,1,216531
790.824,1,223966
792.886,1,232123
794.948,1,239333
797.009,1,247299
799.070,1,255143
801.130,1,262998
803.190,1,269355
805.249,1,274459
807.308,1,279482
809.367,1,281688
811.424,1,285288
813.482,1,287447
815.539,1,288432
817.595,1,291700
819.651,1,294828
821.706,1,298122
823.761,1,302821
825.815,1,308053
827.869,1,314201
829.922,1,319975
831.975,1,326844
834.028,1,332794
836.079,1,339307
838.131,1,346866
840.182,1,353590
842.232,1,361477
844.282,1,368125
846.331,1,373969
848.380,1,377568
850.428,1,377592
852.476,1,373690
854.524,1,359796
856.570,1,339909
858.617,1,315383
860.663,1,287964
862.708,1,263398
864.753,1,246823
866.797,1,234995
868.841,1,227561
870.885,1,223783
872.928,1,222094
874.970,1,221081
877.012,1,219670
879.053,1,218554
881.094,1,217915
883.135,1,215887
885.175,1,213692
887.214,1,211286
889.253,1,208777
891.291,1,204911
893.329,1,202043
895.367,1,198629
897.404,1,195052
899.440,1,192210
901.476,1,190182
903.512,1,188072
905.547,1,187130
907.581,1,187403
909.615,1,187993
911.649,1,187708
913.682,1,187896
915.714,1,187551
917.746,1,186302
919.778,1,184685
921.809,1,183140
923.840,1,181206
925.870,1,180032
927.899,1,178962
929.928,1,177970
931.957,1,177329
933.985,1,176013
936.013,1,174878
938.040,1,174123
940.067,1,172627
942.093,1,171502
944.119,1,170407
946.144,1,169216
948.168,1,167357
950.193,1,166333
952.216,1,164212
954.240,1,162550
956.262,1,160813
958.285,1,159761
960.306,1,158642
962.328,1,157677
964.349,1,156888
966.369,1,157507
968.389,1,157515
970.408,1,158385
972.427,1,159305
974.445,1,161412
976.463,1,164112
978.481,1,167542
980.498,1,171827
982.514,1,177258
984.530,1,182989
986.545,1,188142
988.560,1,190429
990.575,1,190652
992.589,1,187431
994.602,1,183069
996.615,1,178714
998.628,1,174200
1000.640,1,171895
1002.652,1,169823
1004.663,1,169389
1006.673,1,170118
1008.684,1,171313
1010.693,1,172791
1012.702,1,174704
1014.711,1,177060
1016.719,1,179941
1018.727,1,184107
1020.734,1,186830
1022.741,1,191059
1024.747,1,196078
1026.753,1,200313
1028.758,1,205563
1030.763,1,210061
1032.768,1,213675
1034.772,1,217866
1036.775,1,220772
1038.778,1,222856
1040.780,1,222529
1042.782,1,222198
1044.784,1,220167
1046.785,1,218773
1048.785,1,218654
1050.785,1,220032
1052.785,1,223305
1054.784,1,226620
1056.782,1,230786
1058.781,1,234389
1060.778,1,236715
1062.775,1,237433
1064.772,1,237829
1066.768,1,234897
1068.764,1,232241
1070.759,1,229082
1072.754,1,227251
1074.748,1,224962
1076.742,1,221921
1078.735,1,218855
1080.728,1,216367
1082.721,1,212935
1084.713,1,210231
1086.704,1,207521
1088.695,1,205526
1090.686,1,204416
1092.676,1,203418
1094.665,1,203610
1096.654,1,204661
1098.643,1,205068
1100.631,1,206360
1102.618,1,208630
1104.606,1,210837
1106.592,1,213288
1108.578,1,216261
1110.564,1,220323
1112.549,1,224482
1114.534,1,227953
1116.519,1,232565
1118.502,1,236915
1120.486,1,242864
1122.469,1,249141
1124.451,1,256477
1126.433,1,264660
1128.414,1,273221
1130.395,1,279862
1132.376,1,286336
1134.356,1,291456
1136.336,1,292594
1138.315,1,291419
1140.293,1,288205
1142.271,1,281981
1144.249,1,271583
1146.226,1,259572
1148.203,1,245999
1150.179,1,231538
1152.155,1,218228
1154.131,1,205619
1156.105,1,194824
1158.080,1,185127
1160.054,1,177934
1162.027,1,171853
1164.000,1,167392
1165.973,1,164255
1167.945,1,161495
1169.916,1,159463
1171.887,1,157938
1173.858,1,157251
1175.828,1,155845
1177.798,1,155127
1179.767,1,154434
1181.736,1,153701
1183.704,1,153261
1185.672,1,152567
1187.639,1,152470
1189.606,1,152491
1191.573,1,152359
1193.539,1,152132
1195.504,1,152253
1197.469,1,152389
1199.434,1,152070
1201.398,1,152635
1203.361,1,153001
1205.325,1,153607
1207.287,1,153652
1209.249,1,154262
1211.211,1,155178
1213.173,1,156154
1215.133,1,157238
1217.094,1,158700
1219.054,1,160479
1221.013,1,162714
1222.972,1,165603
1224.931,1,168991
1226.889,1,174801
1228.846,1,181853
1230.803,1,192814
1232.760,1,205723
1234.716,1,219812
1236.672,1,231785
1238.627,1,239270
1240.582,1,242827
1242.536,1,243781
1244.490,1,243954
1246.443,1,245311
1248.396,1,245993
1250.349,1,245784
1252.301,1,244820
1254.252,1,244443
1256.203,1,243472
1258.154,1,243143
1260.104,1,241355
1262.054,1,239781
1264.003,1,238758
1265.952,1,241088
1267.900,1,247229
1269.848,1,259453
1271.796,1,275453
1273.742,1,292657
1275.689,1,310789
1277.635,1,328259
1279.581,1,339357
1281.526,1,347621
1283.470,1,350579
1285.414,1,349038
1287.358,1,343312
1289.301,1,335293
1291.244,1,326103
1293.187,1,319462
1295.128,1,312083
1297.070,1,306486
1299.011,1,300277
1300.951,1,293622
1302.891,1,284495
1304.831,1,273885
1306.770,1,261540
1308.709,1,248516
1310.647,1,236417
1312.585,1,224272
1314.522,1,214812
1316.459,1,205592
1318.395,1,197880
1320.331,1,191585
1322.267,1,185606
1324.202,1,180346
1326.136,1,175865
1328.070,1,172706
1330.004,1,169690
1331.937,1,167748
1333.870,1,165923
1335.802,1,164696
1337.734,1,162920
1339.665,1,162107
1341.596,1,162271
1343.527,1,161520
1345.457,1,162024
1347.386,1,95197
1349.315,1,161999
1351.244,1,163088
1353.172,1,162711
1355.100,1,163607
1357.027,1,163316
1358.954,1,163486
1360.880,1,163198
1362.806,1,163624
1364.732,1,162594
1366.657,1,163102
1368.581,1,163195
1370.506,1,163487
1372.429,1,163442
1374.352,1,163424
1376.275,1,164391
1378.197,1,164492
1380.119,1,165975
1382.041,1,166636
1383.962,1,168280
1385.882,1,169051
1387.802,1,170752
1389.722,1,171918
1391.641,1,173028
1393.560,1,174148
1395.478,1,175100
1397.396,1,175728
1399.313,1,176208
1401.230,1,177219
1403.146,1,177404
1405.062,1,178635
1406.978,1,179232
1408.893,1,179811
1410.808,1,180052
1412.722,1,180858
1414.636,1,182315
1416.549,1,182925
1418.462,1,184128
1420.374,1,185081
1422.286,1,186860
1424.198,1,188491
1426.109,1,190780
1428.019,1,193870
1429.929,1,197299
1431.839,1,201958
1433.748,1,208330
1435.657,1,217887
1437.566,1,230402
1439.474,1,246554
1441.381,1,265127
1443.288,1,284461
1445.195,1,301766
1447.101,1,310877
1449.006,1,312824
1450.912,1,311613
1452.816,1,311131
1454.721,1,311564
1456.625,1,312191
1458.528,1,315624
1460.431,1,320378
1462.334,1,332096
1464.236,1,346357
1466.138,1,365132
1468.039,1,387666
1469.940,1,412925
1471.840,1,432782
1473.740,1,430031
1475.639,1,400088
1477.538,1,355834
1479.437,1,314215
1481.335,1,279469
1483.233,1,252582
1485.130,1,230020
1487.027,1,213372
1488.923,1,200708
1490.819,1,191518
1492.715,1,185045
1494.610,1,179686
1496.504,1,175510
1498.398,1,171989
1500.292,1,169791
1502.185,1,168068
1504.078,1,165839
1505.971,1,164365
1507.862,1,162908
1509.754,1,161587
1511.645,1,160691
1513.536,1,159256
1515.426,1,158398
1517.316,1,158055
1519.205,1,156920
1521.094,1,156258
1522.982,1,156073
1524.870,1,155710
1526.758,1,155304
1528.645,1,154675
1530.531,1,154698
1532.418,1,153848
1534.303,1,153822
1536.189,1,153302
1538.074,1,153600
1539.958,1,153417
1541.842,1,153082
1543.726,1,153669
1545.609,1,153503
1547.492,1,153181
1549.374,1,153828
1551.256,1,153784
1553.137,1,153617
1555.018,1,154058
1556.898,1,154290
1558.779,1,154758
1560.658,1,154934
1562.537,1,155149
1564.416,1,155794
1566.295,1,156177
1568.172,1,156608
1570.050,1,157003
1571.927,1,157750
1573.804,1,158625
1575.680,1,158971
1577.555,1,159440
1579.431,1,160589
1581.306,1,161389
1583.180,1,161865
1585.054,1,162933
1586.927,1,164126
1588.801,1,164872
1590.673,1,165735
1592.545,1,166483
1594.417,1,167586
1596.289,1,169159
1598.160,1,169934
1600.030,1,171239
1601.900,1,172010
1603.770,1,173490
1605.639,1,174845
1607.508,1,175436
1609.376,1,176872
1611.244,1,178127
1613.111,1,179261
1614.979,1,180298
1616.845,1,181044
1618.711,1,182780
1620.577,1,183570
1622.442,1,184649
1624.307,1,184928
1626.172,1,185399
1628.036,1,186208
1629.899,1,186414
1631.762,1,187151
1633.625,1,187683
1635.487,1,187557
1637.349,1,187753
1639.211,1,186930
1641.072,1,186954
1642.932,1,186700
1644.792,1,185945
1646.652,1,184768
1648.511,1,184408
1650.370,1,183559
1652.229,1,182281
1654.087,1,181445
1655.944,1,180585
1657.801,1,179235
1659.658,1,178309
1661.514,1,177124
1663.370,1,175058
1665.226,1,173553
1667.080,1,172298
1668.935,1,170380
1670.789,1,168835
1672.643,1,167054
1674.496,1,165627
1676.349,1,164051
1678.201,1,162329
1680.053,1,160320
1681.905,1,158768
1683.756,1,157233
1685.607,1,155185
1687.457,1,153783
1689.307,1,152254
1691.156,1,150813
1693.005,1,149360
1694.854,1,147187
1696.702,1,146404
1698.550,1,144522
1700.397,1,142911
1702.244,1,141665
1704.090,1,140264
1705.936,1,139187
1707.782,1,137589
1709.627,1,136075
1711.472,1,135295
1713.316,1,133971
1715.160,1,132600
1717.004,1,131500
1718.847,1,130462
1720.689,1,129331
1722.531,1,128596
1724.373,1,127734
1726.215,1,126675
1728.056,1,125857
1729.896,1,124767
1731.736,1,123660
1733.576,1,123202
1735.415,1,122315
1737.254,1,121584
1739.092,1,120817
1740.930,1,120319
1742.768,1,119502
1744.605,1,118658
1746.442,1,118154
1748.278,1,117453
1750.114,1,116855
1751.949,1,116286
1753.784,1,115638
1755.619,1,114930
1757.453,1,115051
1759.287,1,113782
1761.120,1,113259
1762.953,1,112981
1764.785,1,112510
1766.617,1,111953
1768.449,1,111452
1770.280,1,110812
1772.111,1,110480
1773.941,1,110171
1775.771,1,109870
1777.601,1,109193
1779.430,1,108659
1781.259,1,108401
1783.087,1,107931
1784.915,1,107967
1786.742,1,107077
1788.569,1,106778
1790.396,1,106735
1792.222,1,106432
1794.048,1,106282
1795.873,1,105492
1797.698,1,105779
1799.523,1,105641
1801.347,1,105458
1803.171,1,105140
1804.994,1,104843
1806.817,1,105138
1808.639,1,104943
1810.461,1,105258
1812.283,1,104891
1814.104,1,104982
1815.925,1,105051
1817.745,1,105082
1819.565,1,104994
1821.384,1,105091
1823.203,1,105326
1825.022,1,105158
1826.840,1,105196
1828.658,1,104898
1830.476,1,105035
1832.293,1,105317
1834.109,1,105514
1835.925,1,105675
1837.741,1,106183
1839.557,1,106172
1841.372,1,105903
1843.186,1,106573
1845.000,1,106421
1846.814,1,106472
1848.627,1,106508
1850.440,1,106700
1852.253,1,106819
1854.065,1,106955
1855.876,1,107097
1857.687,1,107033
1859.498,1,107545
1861.309,1,107452
1863.119,1,107662
1864.928,1,107943
1866.737,1,107580
1868.546,1,107924
1870.354,1,107966
1872.162,1,108336
1873.970,1,107877
1875.777,1,107909
1877.584,1,108429
1879.390,1,108506
1881.196,1,108776
1883.001,1,109109
1884.806,1,108830
1886.611,1,108669
1888.415,1,109054
1890.219,1,109318
1892.022,1,109334
1893.825,1,109150
1895.628,1,109458
1897.430,1,109548
1899.232,1,109285
1901.033,1,109682
1902.834,1,109636
1904.634,1,109788
1906.434,1,109800
1908.234,1,109659
1910.033,1,109503
1911.832,1,109795
1913.631,1,110161
1915.429,1,109985
1917.226,1,110057
1919.024,1,109883
1920.821,1,110076
1922.617,1,110466
1924.413,1,110205
1926.209,1,110220
1928.004,1,110433
1929.799,1,110436
1931.593,1,110718
1933.387,1,110727
1935.180,1,110909
1936.974,1,111049
1938.766,1,111122
1940.559,1,111190
1942.351,1,111006
1944.142,1,111412
1945.933,1,111352
1947.724,1,111530
1949.514,1,111808
1951.304,1,111338
1953.094,1,111802
1954.883,1,112191
1956.672,1,112060
1958.460,1,112471
1960.248,1,112263
1962.035,1,112422
1963.822,1,112879
1965.609,1,113242
1967.395,1,112888
1969.181,1,113549
1970.967,1,113410
1972.752,1,113675
1974.536,1,113542
1976.320,1,113734
1978.104,1,114029
1979.888,1,114568
1981.671,1,114701
1983.453,1,114680
1985.236,1,114976
1987.017,1,114971
1988.799,1,114934
1990.580,1,115372
1992.360,1,115418
1994.141,1,115577
1995.920,1,115895
1997.700,1,116042
1999.479,1,116281
2001.257,1,116622
2003.036,1,116785
2004.813,1,116751
2006.591,1,116706
2008.368,1,116793
2010.144,1,117225
2011.920,1,118056
2013.696,1,118053
2015.472,1,117831
2017.247,1,118549
2019.021,1,118879
2020.795,1,119252
2022.569,1,119055
2024.342,1,119308
2026.115,1,119747
2027.888,1,119886
2029.660,1,120319
2031.432,1,120140
2033.203,1,121029
2034.974,1,121184
2036.745,1,121425
2038.515,1,121169
2040.285,1,121616
2042.054,1,121989
2043.823,1,122158
2045.592,1,122590
2047.360,1,122652
2049.128,1,123356
2050.895,1,123213
2052.662,1,123248
2054.429,1,123607
2056.195,1,123848
2057.961,1,124337
2059.726,1,123950
2061.491,1,124318
2063.256,1,124653
2065.020,1,125193
2066.783,1,125198
2068.547,1,124883
2070.310,1,125640
2072.072,1,125775
2073.835,1,125635
2075.597,1,125704
2077.358,1,125981
2079.119,1,125969
2080.880,1,126082
2082.640,1,126320
2084.400,1,126142
2086.159,1,126338
2087.918,1,126673
2089.677,1,126485
2091.435,1,127035
2093.193,1,127033
2094.950,1,127238
2096.707,1,127482
2098.464,1,127469
2100.220,1,127487
2101.976,1,127393
2103.732,1,127609
2105.487,1,128218
2107.241,1,128271
2108.996,1,127925
2110.750,1,128127
2112.503,1,127974
2114.256,1,128111
2116.009,1,127967
2117.761,1,128879
2119.513,1,128569
2121.265,1,128262
2123.016,1,128450
2124.767,1,128697
2126.517,1,128607
2128.267,1,128299
2130.017,1,128282
2131.766,1,128071
2133.515,1,128541
2135.263,1,128234
2137.011,1,128101
2138.759,1,128204
2140.506,1,128025
2142.253,1,128461
2143.999,1,128060
2145.745,1,128165
2147.491,1,128243
2149.236,1,127771
2150.981,1,127664
2152.725,1,127533
2154.470,1,127648
2156.213,1,127616
2157.957,1,127378
2159.699,1,127496
2161.442,1,127180
2163.184,1,127514
2164.926,1,127524
2166.667,1,127297
2168.408,1,127146
2170.149,1,126700
2171.889,1,126653
2173.629,1,126551
2175.368,1,126701
2177.107,1,126964
2178.846,1,126566
2180.584,1,126004
2182.322,1,126158
2184.059,1,125814
2185.797,1,126030
2187.533,1,125568
2189.270,1,125784
2191.005,1,125346
2192.741,1,125498
2194.476,1,125290
2196.211,1,124766
2197.945,1,124900
2199.679,1,124809
2201.413,1,124712
2203.146,1,124051
2204.879,1,123780
2206.611,1,124424
2208.343,1,124099
2210.075,1,123563
2211.806,1,123406
2213.537,1,123293
2215.268,1,122857
2216.998,1,122960
2218.727,1,122577
2220.457,1,122450
2222.186,1,122220
2223.914,1,121758
2225.643,1,122170
2227.370,1,121893
2229.098,1,121265
2230.825,1,121015
2232.551,1,120942
2234.278,1,120877
2236.004,1,120690
2237.729,1,120714
2239.454,1,120285
2241.179,1,120145
2242.903,1,119692
2244.627,1,120164
2246.351,1,119463
2248.074,1,119364
2249.797,1,119233
2251.519,1,118794
2253.241,1,118929
2254.963,1,118444
2256.684,1,118617
2258.405,1,118545
2260.125,1,118426
2261.846,1,117866
2263.565,1,117733
2265.285,1,117483
2267.004,1,117246
2268.722,1,117112
2270.440,1,116662
2272.158,1,116604
2273.876,1,116359
2275.593,1,116326
2277.309,1,115800
2279.026,1,115184
2280.742,1,114783
2282.457,1,114823
2284.172,1,114313
2285.887,1,114084
2287.602,1,113276
2289.316,1,112670
2291.029,1,112721
2292.742,1,112435
2294.455,1,112179
2296.168,1,111632
2297.880,1,110734
2299.592,1,110864
2301.303,1,110497
2303.014,1,110122
2304.725,1,109713
2306.435,1,109399
2308.145,1,109134
2309.854,1,108804
2311.563,1,108455
2313.272,1,108038
2314.980,1,107694
2316.688,1,107163
2318.396,1,107248
2320.103,1,107110
2321.810,1,106978
2323.516,1,106530
2325.222,1,106400
2326.928,1,106473
2328.633,1,105713
2330.338,1,105739
2332.042,1,105590
2333.747,1,105364
2335.450,1,105620
2337.154,1,105350
2338.857,1,105673
2340.559,1,104878
2342.262,1,104820
2343.964,1,104711
2345.665,1,104712
2347.366,1,104354
2349.067,1,104793
2350.767,1,104624
2352.467,1,104889
2354.167,1,104384
2355.866,1,104497
2357.565,1,104719
2359.264,1,104456
2360.962,1,104750
2362.660,1,104916
2364.357,1,104630
2366.054,1,104768
2367.751,1,105197
2369.447,1,104777
2371.143,1,104510
2372.838,1,104885
2374.533,1,105092
2376.228,1,104768
2377.923,1,104852
2379.617,1,104831
2381.310,1,104881
2383.003,1,104902
2384.696,1,104821
2386.389,1,104756
2388.081,1,104665
2389.773,1,104810
2391.464,1,104631
2393.155,1,104788
2394.846,1,104919
2396.536,1,104608
2398.226,1,104347
2399.916,1,104537
2401.605,1,104373
2403.294,1,104431
2404.982,1,104137
2406.670,1,103903
2408.358,1,104210
2410.045,1,103735
2411.732,1,103576
2413.418,1,103123
2415.105,1,103583
2416.790,1,103043
2418.476,1,103116
2420.161,1,102880
2421.846,1,102769
2423.530,1,102140
2425.214,1,102796
2426.897,1,102550
2428.581,1,102612
2430.264,1,102558
2431.946,1,102218
2433.628,1,102283
2435.310,1,102109
2436.991,1,101920
2438.672,1,102230
2440.353,1,102083
2442.033,1,101743
2443.713,1,102455
2445.392,1,102123
2447.072,1,102318
2448.750,1,102319
2450.429,1,102727
2452.107,1,102768
2453.785,1,103063
2455.462,1,103130
2457.139,1,103544
2458.815,1,104001
2460.491,1,104127
2462.167,1,104846
2463.843,1,105151
2465.518,1,105576
2467.193,1,105916
2468.867,1,106627
2470.541,1,106750
2472.215,1,106703
2473.888,1,106885
2475.561,1,107417
2477.233,1,107517
2478.905,1,107657
2480.577,1,107746
2482.249,1,107871
2483.920,1,108246
2485.590,1,108550
2487.261,1,108736
2488.931,1,108692
2490.600,1,109086
2492.269,1,109013
2493.938,1,109193
2495.607,1,109358
2497.275,1,109796
2498.943,1,109963
2500.610,1,110043
2502.277,1,110363
2503.944,1,110377
2505.610,1,111039
2507.276,1,111018
2508.942,1,111689
2510.607,1,111626
2512.272,1,111511
2513.936,1,111909
2515.600,1,111757
2517.264,1,112327
2518.927,1,111648
2520.590,1,112021
2522.253,1,112175
2523.915,1,111927
2525.577,1,111996
2527.239,1,112004
2528.900,1,112443
2530.561,1,112413
2532.221,1,112521
2533.881,1,112580
2535.541,1,113214
2537.200,1,113089
2538.859,1,113444
2540.518,1,113683
2542.176,1,113909
2543.834,1,114091
2545.492,1,114583
2547.149,1,114860
2548.806,1,114791
2550.462,1,115121
2552.119,1,115415
2553.774,1,115676
2555.430,1,116020
2557.085,1,116000
2558.740,1,116492
2560.394,1,116575
2562.048,1,116953
2563.701,1,117192
2565.355,1,117182
2567.007,1,117886
2568.660,1,118085
2570.312,1,118586
2571.964,1,118703
2573.615,1,118738
2575.266,1,118871
2576.917,1,119237
2578.568,1,118653
2580.218,1,119050
2581.867,1,118857
2583.516,1,118839
2585.165,1,118223
2586.814,1,118063
2588.462,1,117782
2590.110,1,117807
2591.757,1,117830
2593.405,1,117528
2595.051,1,117102
2596.698,1,116935
2598.344,1,116791
2599.989,1,116436
2601.635,1,116656
2603.280,1,116284
2604.924,1,115960
2606.569,1,115958
2608.212,1,115431
2609.856,1,115333
2611.499,1,115308
2613.142,1,114919
2614.784,1,114848
2616.427,1,114712
2618.068,1,114410
2619.710,1,114094
2621.351,1,114013
2622.991,1,113767
2624.632,1,114207
2626.272,1,114068
2627.911,1,113611
2629.551,1,113408
2631.190,1,113578
2632.828,1,113957
2634.466,1,114268
2636.104,1,113874
2637.742,1,114610
2639.379,1,114627
2641.015,1,114928
2642.652,1,114846
2644.288,1,115634
2645.924,1,116220
2647.559,1,117399
2649.194,1,117808
2650.829,1,118081
2652.463,1,119304
2654.097,1,119754
2655.730,1,120620
2657.364,1,121046
2658.996,1,121584
2660.629,1,122252
2662.261,1,122574
2663.893,1,123415
2665.524,1,124221
2667.155,1,124835
2668.786,1,125312
2670.417,1,126625
2672.047,1,127813
2673.676,1,129465
2675.306,1,130858
2676.935,1,133023
2678.563,1,136396
2680.192,1,140325
2681.819,1,145342
2683.447,1,150433
2685.074,1,157269
2686.701,1,161967
2688.328,1,167635
2689.954,1,171070
2691.580,1,174032
2693.205,1,175125
2694.830,1,176154
2696.455,1,177199
2698.079,1,178114
2699.703,1,178752
2701.327,1,179629
2702.950,1,180031
2704.573,1,180329
2706.196,1,180868
2707.818,1,182502
2709.440,1,182965
2711.062,1,183852
2712.683,1,184307
2714.304,1,186167
2715.924,1,186832
2717.545,1,188436
2719.164,1,189764
